3879346
3409327
3639665
3135798
3855363
3615682
3640645
4989663
3650017
3639642
3688617
3640639
3566185
4975017
3894995
3640622
4975046
3410365
3409362
3615676
3664686
4196572
4941656
3424982
3615647
3688652
3615653
3145130
3938244
3326452
3723532
3581753
3953870
3400929
3566127
3581730
3963213
3542150
3879381
3880378
3987225
3963236
3640697
3581799
3566162
4926094
3639694
3424901
3581782
3400935
3566156
5666904
3581776
3640674
4989611
3194105
3664628
3556726
3302411
3723495
4172608
3243588
3302405
3302434
2204238
3963176
3581718
3806436
3581701
3914290
3458395
3292546
3556755
3497975
3483335
3615742
4941627
3914278
3698018
3639719
3688681
3688675
2160819
2184808
3639702
3409385
3410371
3458366
3111869
3135812
3615736
3698053
3615707
3399528
3855446
3434348
3615713
3399534
3135858
3640786
3880214
3664752
3688729
3650112
3160885
3375367
3855245
3894854
3448830
3880237
3639777
3086166
3688741
3879257
3688735
3566067
3399333
3625137
3086143
3650158
3870859
3601131
3688758
3601125
3640734
3399356
3351579
3086120
4975187
3869885
3879205
3615771
3062160
3869891
4926125
3870888
3076794
3688770
3581641
3400800
3556666
2194385
4172465
4196431
3326587
3556672
3351510
3253115
3292718
3625189
4172407
3542090
3253109
4989717
3194200
3400817
3566038
3664746
3880289
3963130
3625172
3772542
3292635
3556614
3013138
3013144
3698194
3292606
3267672
3483252
3532677
3542003
3845933
3292687
3532660
3556620
2169341
3027755
3253090
3963093
3458219
3650193
3698136
4999035
5001145
3914120
3639808
2160908
3914108
3532619
3473822
3532602
3698165
3845985
3869939
3013196
5818254
4989887
4975247
4975230
3880102
3894736
3713901
3870782
3845790
3639406
4975282
3953605
3894707
3855179
4926266
3869767
3409586
4182185
3772298
3894713
2194043
3938008
3880177
4157164
3336025
3723302
3762911
3880183
3336002
2194020
3351639
3938020
3953663
3713999
3723325
3855185
3336019
3963006
3409528
3880131
2184688
3639464
3640450
4989835
3409534
3879168
4990815
4196744
3963029
3713953
2184665
4990821
3938072
3640438
3292807
3409511
3747225
3723259
2184642
3292747
4172850
3723265
3762874
3723288
3762822
3737853
2184613
4172815
3928694
3821826
3723242
4157218
3870807
4975193
3688439
4926220
3845844
3037073
3845838
3870836
3664491
3532921
3869856
3517301
3458538
3556927
3037015
3747254
3483513
3121454
3772200
3747283
3845873
3869804
3121460
5818248
3762897
3639553
4975365
3869661
3855009
3904512
3845689
3894618
3870664
3615564
3879004
3869684
3640510
3879010
3615570
3870687
3615541
3410483
3869626
3870612
3831084
3639501
3869632
4196690
3831090
3615558
3855038
4926378
3615529
3267904
3434408
3170429
3831078
3870641
3723414
3880059
3312177
3312160
3581871
3953516
3894699
3723437
4157023
4975307
4965987
3170487
3640585
4157081
3326771
3953568
3894653
3312154
4975342
4172666
3723408
4989976
3312148
3762986
3052500
3953479
3723383
3556821
3326759
3302799
3302782
4965912
3723331
3556896
3723348
3762957
3542227
3762928
3723354
2160759
2160765
2160707
3052575
3845732
3821766
3204370
3688557
3869715
3052581
3772364
3928530
3218998
3869738
3052569
3845703
3772341
3556809
3831109
3904535
3845749
3723934
3865172
3458745
3674437
3914657
3890164
3674466
3723963
3963615
3914634
3420168
3601496
3674489
3723905
3674472
3698461
3170524
3914628
3723911
3517614
3948024
3723928
3674495
3517620
3409729
3410721
3772950
3253428
3409735
4162722
3409712
4172117
3747998
3409764
3747946
3674408
2179078
3674420
3409741
4162768
2179090
3674414
3351817
3855819
3733298
3302888
3601510
2194669
3566512
3879808
3351800
3542552
3566506
2179055
3782204
3855854
2179003
3468181
3409801
3302859
3855848
3302842
3855831
3493121
2179026
3542581
3468198
3855825
3924087
3698490
3468146
3517525
3855883
3517531
3924058
3698478
3483766
3601585
3816297
3420174
3924035
3385360
4196170
3924029
3880817
3865232
3924012
3385383
3517583
4926409
3468117
3483737
3542517
3914551
3458610
3674561
3698538
3458627
3865048
3409698
3674555
3708403
3385176
4162691
5823746
3674584
3698515
3914522
5823752
3698521
3674578
3419053
3938563
4186639
4172005
5823775
3698550
3228577
4186674
3253523
3698567
4172034
3757413
3987515
4162610
3674503
3410649
3674526
4162662
3410632
3336321
3674549
3733447
3674532
2180199
3650589
2179167
3601616
3468092
3782345
2179150
3601639
2180147
3782322
3757347
3816127
3302977
3757330
3468086
3399824
2180101
3399818
3066979
3855771
3879754
3385207
2194735
3816156
3601680
2194729
3625640
3444080
3625657
3816179
3066933
3625628
3841177
3385242
4172092
3914574
4196069
3517459
3458679
3855788
3865108
3625611
3458685
3228502
3302902
3914433
3458975
3674207
3664887
3640898
3483950
3517815
3483921
3688853
4196394
3674213
3468318
3938445
3228672
3674242
3650276
3650282
3601243
3698225
3542813
3615883
3458952
3674265
3938474
3674259
3238044
3410951
3664829
3708107
3410939
3723733
3287002
3664841
3664858
2194474
2194445
3615908
3772677
3615914
3772648
2169499
3772631
2194416
3385532
3312438
3664901
3816015
5001234
3674288
3517755
2169401
3615995
3880622
3468376
3674271
3816038
3841007
3639932
3880639
3517778
3914491
4912040
3674294
3640906
3214032
3542718
3066815
3517790
3066809
3914462
3169828
3816073
3483996
3527133
3042855
3879464
3688965
4985168
3723816
3904989
3155281
3674325
3855498
3723822
3625396
3674319
3723839
3674348
3723845
3517703
3238104
3938310
3674331
3625373
4196201
3879429
3640970
3601361
3434868
3708202
3052109
3419277
3434874
3517732
3938356
3434880
4936164
3576054
3664918
3772826
3664930
3576031
3938385
3238179
3409830
3410810
3576025
3708225
3179293
3723851
3180296
3723868
3723874
3688942
5544348
3723880
3987254
4912117
3733186
3169900
2194540
3542664
3747780
3576019
2169565
3385408
2169571
2194505
3517637
3194915
2169513
3468287
3625404
3855506
3625410
3517666
3483890
3928990
3468229
3468212
3601438
2218950
3542629
3214115
2204327
3101546
3571565
3331890
3811791
3859734
3595531
3605436
3762288
3497099
3379862
3595560
3786231
3331855
3762271
3414713
3595502
3786225
3786219
3473058
3306857
2184004
3174545
3703908
3943618
3198505
3629454
3884732
3487669
3473006
2208584
3571507
3571513
2208590
3629402
3703937
3967524
3272911
3096437
3967518
3752806
3678470
3473118
3943570
3727889
3487735
5686491
3918678
3869187
3296917
3272957
3272963
4167263
3811816
3296900
4182860
3365156
3904015
3967576
3424172
3992568
3811822
4182802
3438748
3762236
3414742
3811851
3811845
3400102
3438760
3414736
3341138
3811874
3859817
3595459
3811868
3379922
3595465
3678464
3414788
3296981
3595471
3414771
3341121
3438725
3678458
3296975
3355755
3811673
3835656
3355979
3380730
3380724
3821045
3355933
3835691
3571476
3859639
3821022
3111013
3821039
3859697
3522420
3331909
3306998
3894009
3859674
4167056
3605583
3546449
3629543
4182682
3884620
3546455
3546432
4167091
3487534
3727978
3424048
3233420
3894067
3487623
3776913
3752924
3918589
4157796
3703995
3400088
3727984
3703989
3727990
3943469
3918566
3424019
3184064
3198652
3967441
3365297
3992410
3727955
3967464
3752901
3159089
3522408
3811710
3811704
3992456
3967470
3678518
5828100
3571393
3571387
3811727
3365239
3967493
3835722
3811756
3341256
3776959
3678553
3365216
3184087
3811779
3752999
3379810
3835716
3556169
3762070
3620826
3556175
3595784
3556146
3786018
3619800
3619817
3389435
3581167
3859533
3389441
3389458
3556181
3150728
3581138
3835550
3390467
3532111
3062929
3629224
3497277
3389487
3390473
3473288
3062935
3605241
4941047
3620884
3605258
3062912
3174723
4941024
3918394
3174717
3257610
3884519
4941001
3487882
3762093
3620849
3605212
3786047
3473331
3982920
3918460
3487994
3487965
3473348
3918448
3678286
3884577
3257550
3184130
3473319
3160187
3629247
3448356
3473302
3918402
3463930
3424315
3365363
3982989
3365357
3463947
3424367
3835604
3282594
3400390
3341351
3811650
3389501
3424338
3463901
3727688
3605301
3341575
3992284
3532074
3620944
3595666
3111243
2233228
3811443
3438808
4931758
3149889
3111272
3380977
3111289
3316560
3497194
4931729
3595637
3762130
4965148
3111266
3933904
3629342
3316531
3316525
3546656
3198876
3390361
3884436
3620996
4941165
3316554
3786194
3620973
3605347
4941142
3473124
4941136
3629313
3233762
3620950
3546662
3473153
3160218
3786171
3620967
3943305
3487770
3933985
3982802
3884494
3463887
3957833
3257656
3243016
3678375
3713120
3047143
3884459
3487824
3629388
3967228
3424290
3243045
3982831
3943268
3243074
3414883
4931706
3943274
2233286
3414877
4990011
3282654
3752798
3282660
3992249
3047172
4990040
3967286
4167317
3595583
4157997
3752746
3047189
4989054
3111303
3581368
3678808
3125972
3341670
3605896
3870569
3845548
3630836
3772097
4916256
3341658
3111390
3605867
3595979
4989203
3678843
3747099
3326009
3629833
3630813
4965243
3870517
3556324
3595927
3571967
2218335
3316643
4157394
3713746
3302003
3532341
2218341
3546981
3713752
3302032
4157388
3595956
2218358
3556318
3546998
3639234
3159333
3581316
4941254
3870581
4196968
3639211
3953462
3629885
3894558
3713723
3630871
3233785
3047019
3546923
3282708
3762621
2160417
3497550
3953350
3086605
2160423
3762609
3473590
3507343
3688296
3546969
3713663
3062616
3546975
3184360
3507372
3546946
3282743
3713686
3546952
3184383
3772022
3723093
3400591
3747053
4989143
4990100
3688215
4990117
3747024
3605904
3688244
3806034
3737698
3688267
3365564
3821660
3522934
3688250
3522928
3365788
3629980
3639317
4941337
3654966
3630977
3870428
3135433
3556293
3390504
5818395
3629968
3630960
3894400
3390533
3365759
3629974
3629945
4965355
4916345
3615305
3390556
3302167
3678955
4990330
3630931
3400415
3390562
3630919
3943937
3629922
3595873
3581256
3400421
3629939
3086597
3845465
3678978
3390585
3556206
4157282
4182239
4182245
3713858
3390579
3390591
3713864
3595821
3737818
3894452
3967949
3341724
3737830
3581204
3615386
3184408
3639352
3473377
4941389
3184414
3316726
3473360
3953315
2184576
3243306
3532298
3556229
3497320
4941366
3967984
3571861
3571849
3953338
3571855
3967872
3762727
3507219
3737741
3928352
3713781
3737735
3894498
3723118
3737764
3786797
3772157
3424433
3904357
5818308
3928300
3424427
3292227
3688333
3424410
3772134
3747194
3904334
3688362
3747136
3772111
4990293
3747165
3688385
3688379
3762779
4989290
3860967
3821364
3160514
3605666
4965444
3135551
3860944
3870316
3135545
3860938
3884962
3870322
3845376
4916463
3400792
4989433
3821387
3375290
3605608
3160508
3341859
3967808
3870374
3483080
3870397
3967820
3037512
3615050
3037506
3483097
3943860
3943877
4182558
3302210
3483068
3894305
4182564
3615038
3483074
3943883
3581546
3928174
2174885
3400705
3483051
3282944
3458188
3532536
3507573
3928257
3483128
3967783
3737439
5818604
3037469
3556525
3532559
5818610
3894386
3532542
3497722
3928211
3615096
4182624
3434130
3605703
3737497
3678636
4916434
3678659
5843625
3688008
3389955
3821447
3375315
3037481
3389961
3737451
3448741
3389978
3409184
3473704
3434124
4990519
3605784
4989522
3859852
4990525
3615110
3835892
4989545
3399103
4965591
3399126
3821298
3409014
3678719
3424628
3086350
3399132
3581405
3639151
3639145
2208673
3326357
3341948
3928091
3399178
2208696
3870210
3267525
3928079
3615156
4965527
3497567
3869247
3267502
3870233
3869253
3302345
3556471
3434093
3267442
3483022
3737534
3497679
2174974
3037357
3410098
3243482
3928122
3483016
3870291
3497627
3292440
3267488
3497633
3811934
3316910
4157589
3267465
3497610
3918767
3639168
3640154
2174922
3737511
3811957
3473615
4989485
5818538
3762584
3409043
3762590
5818550
3762561
3473621
3811963
5818567
3409037
3605815
3762578
3860921
3762549
3409089
3389843
3811986
3351295
3135752
3409095
3860909
3409066
3389866
3409072
3693191
3742699
3801516
3766671
3791611
2190766
3693185
3032437
2190772
2190737
3791605
2209000
3105923
3766642
3801539
3801522
3286741
3996997
3703050
3561319
3105946
3801551
3477458
2190720
3477441
3801545
3742647
3727027
3766636
2209046
3801574
3766607
3825505
3007468
3742676
2210049
3561302
3007474
3801568
3766613
3693110
3634828
4995497
3115318
3693104
2189705
3668164
3634811
3693133
3825540
3634805
3668170
3776043
3923998
3668187
3693156
3668193
3923981
3693179
3923969
3379017
3766688
3766694
3609813
3791628
3923952
3394643
4946470
3658875
3404554
3634892
3668201
3668218
3369562
3115376
3619243
3849581
3933301
3115382
4995451
3610897
3668247
3321590
3634857
3874550
3609888
4995439
3668253
3791597
4971491
3947987
3404583
3972979
5862143
2209081
5862114
3933382
3658823
3933399
2210090
3996974
3658852
3644241
2190660
3620275
4946493
4177439
3223172
3620281
3619295
3766783
2189898
3610905
3032319
3272242
3801410
2175264
3766760
3321733
3996879
3306107
3766777
3801404
3766748
3766754
3727145
3801427
3095952
3801456
3272259
3766725
3742794
3095969
2224554
3766731
3693239
4946636
3849411
3801479
3668276
3634946
3801462
3620306
3908266
3825451
3115442
3908272
3609960
3801491
3404376
3668299
3801485
3693245
3609977
3404382
3634900
3908220
3693268
3752166
3776155
3453305
3609925
3610928
3776132
3526843
3668313
3644347
4946599
3850489
3874455
4946582
4995511
4946576
3619361
3874484
4946553
3404471
5813050
4946547
3972815
3585188
4995557
4946530
4946524
3140486
3850495
3599730
3766702
3947881
3766719
3972850
3658929
3717796
3599753
3658941
3972838
3742742
3933270
3717738
3996856
3306001
4153396
3575793
3575787
3668307
4153373
3286994
3007244
3815903
3286971
3286988
3438091
3463054
3463048
3742400
3839909
3815978
3487008
3463077
3463060
3272383
3791462
3463019
3908160
3864913
3140500
3463002
3801373
3370878
3512522
3438079
3296389
3463031
3512539
3463025
3908119
3512545
3438010
3864965
3791427
3742498
3864959
4946702
3379247
3850319
3512551
3477636
3864942
3849316
3840982
5695662
5500210
3634662
3379276
4995652
3355175
3658645
3850354
3477719
3658651
3379299
3610673
3658668
3850331
3056171
4995698
3634627
3791373
3874308
3874320
3428773
3345780
3644057
3619088
3404703
3306188
3369711
3619094
3634691
3996738
2165478
4995623
3644011
3874389
3996709
3306159
3620039
3620045
3262982
3658622
3634679
3369906
3296449
3512462
3272472
3321957
3766553
3512479
3908088
3766530
2190625
3815837
3766501
4971806
3766518
3644092
3815843
4971812
3370737
3791580
3477530
3140629
3840841
3791574
3125009
3477524
3668046
3908013
3477553
3791568
3512404
3815889
3453593
3477547
4932203
5524311
3022798
3379112
3766599
3046787
3693050
3839861
3512456
3791516
3380138
3766576
3380144
3188659
3355293
3658763
4995787
3619125
3355287
3634751
3850213
3379193
3071696
3634745
3791491
3850271
3668129
3188607
3791485
3188636
4995793
3404695
3791479
3609776
3634716
4946760
3850259
3668141
3898266
3561354
3585320
3599977
4971723
3369852
3717543
3223479
3644169
3561331
4177592
3223485
3561348
3223491
4153574
3742506
3331246
3575971
3644146
3658711
4971769
3404643
3874260
3272443
4995741
3947680
3658728
3972620
4995712
4971781
3644123
3585337
4971775
3619177
3634797
3522153
3752491
3825965
2210463
3811302
3331424
3522147
3850911
3776445
3992143
3272578
4971901
3811325
3272584
3331401
4971918
3101109
3115755
4971924
3811354
2210492
3487273
3404927
3850957
3115761
4995907
3561779
3115732
4971947
3585739
3561785
3776416
3850934
3811360
3860329
3379431
3477889
3379448
3933809
3620660
3874981
3850992
3140730
3379454
3850986
3874998
3619645
3933815
3140718
3379460
3933821
3957804
3379477
3619622
3933838
2209431
3561727
3860358
2209448
3522130
3776480
3032029
3561704
3620602
3463226
3629069
3933755
3150148
3629081
3933761
3957715
3644695
3629075
3463315
3629046
3933778
3630049
3933784
3630032
3150125
3629052
3933790
4932278
3629023
3678033
3620677
3629000
3943133
3630003
3678056
3620683
3605057
3629017
3619697
3585685
4971841
3982765
3668603
3369970
3355330
3727464
4971835
3943162
3703469
3561696
3331358
3198190
3355318
3982759
4971858
3345975
3272549
3355301
3331335
4971887
4971870
3992108
3668655
2199477
4995830
3331312
3585691
3967174
3703498
3595005
4995847
3282039
3619705
3585604
2210339
3546001
3849813
3620708
3561644
3967079
3801893
3776563
3811213
3811207
3463172
3835219
3585633
3776557
2185021
3463166
3463195
3811259
3776534
2161055
3605146
3849894
3046563
3918075
3619786
3605152
3164854
3811265
3850874
3644726
2175666
3918052
3164860
3811294
3164877
3463143
3850851
3811288
3933703
3379359
3149240
3918023
3620743
3605117
3619757
2175620
3379371
3477754
2200996
3140894
3150208
3380374
3140888
3512692
3850897
3933749
3174249
3150272
3379394
3918112
3884258
3860281
5817846
3918106
3174255
3629164
3629170
3874892
3644784
3943009
3957632
3629158
3233006
3933695
3414268
3644761
3957655
3149292
3943021
3727576
4971953
3982624
3967027
3257001
3272615
3272621
3174284
3668750
3428833
2199595
3296627
3331430
3272667
3825913
3561992
3522383
3752249
3776238
3595301
2175382
3791841
3571306
3801769
3801798
3766872
3849724
3331625
2165998
3742883
3379649
3487480
2210285
3282186
3463491
3046445
2165969
3561905
3487474
2165952
3776296
3898711
2165917
3546320
3438493
3693386
3835171
3585900
3522377
2200884
3776250
3389062
3717810
3463539
3390071
3463522
3693417
3933531
3884152
3933548
3668460
3595293
3933577
3247770
4177273
3463516
3717804
3957537
3957566
3296716
3703245
3414529
3595258
3233153
3438501
3414512
3595270
3272727
3438518
3766808
3438524
3727240
3742860
2199282
3717856
3742819
3331571
3233199
3717862
3801829
3884181
3644494
2199230
3801858
3717885
3571200
2209112
3585834
2200789
3801628
2209129
3776327
3801657
3296892
2210138
3379514
3487385
3776310
3801692
3487362
3585863
3379537
3811006
3379543
3644502
3874610
3693469
3379566
2175413
3585805
3477978
3022315
3208250
3477961
3619510
3223953
3046304
3776379
3561816
3438458
3884011
3668566
3046273
4981590
3438470
3233207
3717951
3223887
3693529
3860016
3438487
3884040
3512829
3957402
3644548
3933436
3233236
4177149
3233242
3957425
3512841
3644525
3898645
3438441
2200803
3296840
3957448
3296828
3296834
4177103
4981549
3752315
3742995
3595169
3668514
3884057
3742937
3957477
4981584
3331677
3414423
2199365
4167777
3296857
3801723
3595123
3516709
3962751
3732407
3937799
3673596
4173016
3962745
3962774
3227572
5666092
3732436
3697556
3467224
3482809
3962797
3972123
3888256
3541713
3482815
3443212
5823427
3648569
4936299
3986740
3805939
3360383
3986757
3359397
3276501
3052003
3360377
4926912
5823456
3360360
3732494
4985228
3972146
3575066
5823462
3359351
4985211
3707496
5823485
3091629
3829940
3091635
3276576
3732465
4985263
3349973
3839329
3815352
3600663
3349950
3541699
3551025
3565659
3878967
3864327
3408954
3408960
3781334
3335304
3854990
3384449
3673610
3781328
3408948
3781311
3840338
2180472
3673604
3634024
3624698
3130157
3565607
3610064
3609078
3541647
3325949
5642051
2214449
3516690
4936247
3923194
3878973
3707409
3648629
3565642
3482896
3609032
3502073
3624669
3609003
3227520
3864385
3878996
3502096
3781392
3610006
3482726
3482732
3986616
3864190
3962656
3634082
3658094
5813943
3634076
5813966
3947036
3634053
3913652
5813972
3986651
3634047
3805810
3610070
3707585
3673633
3359492
3972057
3673627
3360472
3658013
3589588
3756589
3589571
5823367
3658036
3091500
3829851
3830848
3732577
3091517
3658059
3360437
2802011
3972063
3830819
3673691
3815211
3360420
3590597
3815205
3590516
3360408
4936313
3781498
3335468
3830854
3541570
3624712
3781481
3590545
3830860
3854814
3781475
4912301
3781469
3673716
4926941
3781452
3311433
3335422
3589542
3105283
3781446
3565576
3673722
3634142
3467170
3839281
3042513
3888227
3634136
3042507
3144892
3609167
3467187
3634113
3042536
2214337
3609144
3467135
3634107
2180526
3609150
3648730
3482784
3193821
3624764
3482761
3610124
4912376
3722840
3864089
3722857
3276719
3648374
4173269
3722863
3962538
3648368
3648351
3913540
3203778
3986533
3962544
3986510
3771850
3986562
3237180
3771867
3756201
3237197
4187828
3805738
3360584
3286103
3771844
4173200
3359598
3105308
3722886
3771809
3262172
3360549
3359569
3986585
3687960
3830707
3746869
3589884
3815116
3830765
3384633
3854719
3105337
3168929
3756164
3575238
3815122
3830794
3311568
3815151
3144981
4163911
3815145
3311551
3129361
3384685
3144975
3286095
3394011
3830771
3815174
3756141
3130329
3648428
3565843
3017455
3648411
3815180
3394028
3565820
3129378
3854777
3541860
3213185
5642275
3565889
3937523
5642281
3565872
3193904
3193933
3565866
3697444
3707326
3746935
3443382
4163785
3697421
3237240
3722981
3722998
4163779
3443399
3962432
3648463
3286209
3443330
3541848
3482904
3878594
3937492
3648440
3443347
3482910
3648434
3746906
3443353
3986444
3781305
5642401
3771956
3756359
3771962
3805632
3360696
3066376
3599138
4985599
3746964
3746993
3771910
3986473
3830630
3130418
3600516
3345024
3815010
3335675
3384538
3360621
3986390
3878602
4912577
3781239
3360609
3311686
3830682
3756276
3575149
3311692
3384573
3648546
3815079
2204735
3154465
3815062
3854671
3565719
3830699
3252802
3502179
3854659
3551114
2170947
3551120
3032905
3213280
3781297
3482991
3154488
2180957
3781819
2180963
3996537
3898094
3237369
4177876
3781802
4187202
2180911
3032880
3443689
3815702
3717224
3732850
3996572
3526547
3898059
3815731
3923567
2165308
3262338
3732873
3032897
4946085
3791226
4971048
3923544
3658361
3839737
4985671
3467603
3781883
3815777
3658384
3384805
3658390
3129510
3129527
3840752
3443614
3502512
4153835
3742245
3683376
3081861
3443637
4153812
3781831
3575480
3888730
3634426
3874107
3658409
3007818
3888753
3840781
3658415
3130536
3658421
3335770
3791143
3849173
4971002
3658438
3599411
4985636
3850153
3849150
4912643
3850130
3335764
3850199
3526493
3551410
3154577
3634484
3732821
4946056
3526487
3335729
3311775
3634461
3551479
3311723
4946027
4922050
3551456
3898125
3634449
3972519
3467572
3996402
3502423
3781943
3066100
3502446
3781908
3502452
3923478
3526435
3502469
3502475
3551404
3923455
3526429
3042105
3286416
3502481
3286422
3732991
3815636
3839602
3766398
3418556
3609517
3791338
3286480
3610503
3658496
3081789
3781995
3599374
3825008
3781989
3418591
3129645
3683465
3801025
3815665
3839654
3801054
3599397
3502417
3575362
4961759
3610578
3609598
3369214
2698565
3634538
3129680
3791284
3599351
4971108
4985731
3129668
3178632
3825037
4922127
3850041
4961794
2698594
3394117
4985754
3154666
3384797
3360845
3849049
4971143
3850029
3575385
3345202
3610526
3874053
3502386
3589921
2190358
3502392
3178690
3565955
3394146
2190370
3850064
3589909
2190341
3188033
4946174
3874082
4187165
3849061
3139052
3526369
3541989
3551350
4961713
3526398
3589967
3575327
3551367
3634573
4922185
2190329
3589950
3972413
3732904
3874030
3589944
3898007
3575304
3551344
3589938
3512108
3947355
3707680
3923389
4912910
3286528
3962981
3213593
3286505
3512137
3007681
3923343
3512143
3947390
3492860
3610199
3477234
3972347
3262574
3477228
3634159
3213535
3673751
3130714
3213529
3742044
3996371
3404287
5823226
3658131
3742073
3213512
3815524
5823232
5823249
3129757
3683117
3815553
3130737
4912956
3673780
3130743
3742009
5823255
3658177
3404293
5823261
3742038
3443873
3130720
3913913
3404318
4985843
4961883
3839571
3815582
3585024
3467916
4922245
3394442
3839559
3164110
3404301
3673805
3624818
3673834
3360957
3673828
3599664
3781564
4922216
3673857
3864534
3585053
3673840
3781558
3888575
3575646
3599612
3512060
3139193
3311999
3599629
3335988
3164179
2180696
3610271
3335959
3599635
2214685
3599641
3585001
3624899
3477292
2180644
3610265
3624876
3947332
3610242
3962969
3624882
3599606
3032561
3923260
3732778
4153982
3683287
3923231
2179807
3213682
3467767
3888397
3923202
3972229
2179813
3791108
3697846
3781788
3658243
4995385
3781771
3673863
3467721
4177907
4177913
3913847
3443790
3658266
3815406
4995362
3683206
3673886
3781759
3658272
3815435
3502624
5823137
3658289
3115241
3213601
3130861
3742127
3658295
3717193
3600901
3115212
3404175
3913801
3140233
3575592
3599581
3609351
3791054
3178856
3815464
4971315
3609322
3394330
3815493
3599598
3791031
3115264
3609339
3658303
3673923
3791025
3742096
3624936
3697929
4971350
3609316
3624942
3791019
5705946
3404241
3781699
3673946
3610302
3658332
3791002
3624913
3418869
3394376
3937813
3658349
3839476
2214538
3394399
3937842
3864474
3962811
4961937
3237642
3321466
3551539
2214567
3599523
3962834
3610377
3707763
5656567
3286600
3609397
3962828
3188205
3624994
3791083
3575540
3962840
3610360
3247008
3575534
5820334
3614375
3614381
3158457
3580498
3614352
4976353
3829070
3795193
4976376
3614346
3903501
3795170
3423652
3771198
4976399
3398173
3614317
3614323
3423646
3364748
3722202
4173890
3579437
3722219
3555483
3722225
3339756
3339762
3579414
3976517
3976569
3614398
3976546
3496591
3183461
3878080
3976486
3531413
3506473
3976492
3820726
4173944
3496674
3531442
2242500
3976463
3242287
3819723
3722194
3555431
3531465
3820755
3722136
3819746
3531488
3555419
3496639
3820732
3722142
3555425
3819769
3820749
3614412
3771175
3457007
3496616
3829124
3291274
3830127
3496622
3927571
3819781
3771181
3614429
3771152
3614406
4917988
3746177
4917959
3051564
3903576
3687397
3927536
3829182
3830162
3374238
5820311
3771117
3291297
3350060
3051558
3291280
3614493
5820216
3350284
3638447
3614470
4158198
3614487
3638430
3687434
3638424
3350255
5820251
3614458
3614464
5820268
3350249
3638401
3614435
5820274
3614441
5820280
3594968
3570991
3531376
3594974
3350203
3339874
3364837
3722343
3339880
3531399
3594997
3594916
3364814
3712965
3638499
3952468
3340848
3580334
3722308
3638482
2663437
3771212
3570904
3722283
2183677
3496585
3315833
3746243
3496556
2183654
3545935
3771206
3531318
3026454
3531347
3820637
3506390
3722254
3545970
3266371
3927482
3820620
2168005
2217471
3614530
3447569
3820672
3109660
5002498
3291392
3820689
3109654
3614547
3614518
3687492
3447581
3051475
3820666
3819686
3614524
3903458
3805081
3927424
3521946
3746289
3771264
3614501
3771235
3051417
3521952
3447552
3638105
3423876
3628779
3398351
3614145
3628785
3423853
3408210
3183662
3614116
3614122
3423847
3398368
3350373
3590048
3506705
3506711
3350367
3089992
3628710
4927573
3628727
3604767
3506734
3638186
3991907
3364961
3736606
3893487
3579667
3638163
3590025
3242560
3638157
3242554
4976502
3423830
3893458
3952356
2183358
3364926
3408204
3893470
3628791
2183335
3423801
3580682
3976316
3893464
3016993
3315968
3736575
3516023
3315951
3991853
3736598
2183306
3580630
3090920
2173940
4158577
3516069
3819516
3041904
3555684
3090937
3820525
3496875
3819539
3927364
3482235
3496881
3579615
3638192
3819551
5820506
3496869
3819545
3903381
5820512
3687138
3457266
3761596
5820529
3158753
3927312
3398405
3398434
2207923
3555603
3496823
3496817
3398428
3687144
3217510
3398457
3687173
2207946
3687167
2207952
3398440
3761567
3614257
3638223
3423758
3374267
3075292
3423741
3408121
3614234
3638200
3844342
3628874
3408109
3433113
3075263
3844336
3614211
3604891
3628851
3183722
3075257
3423787
3628868
3075240
3795052
3614228
4962090
3051297
3883945
3089874
3051268
3423770
3242643
3966803
3604885
3408144
3506616
3349453
3555595
3580541
3942872
3227046
3722107
3580529
3555572
3555589
3942895
4976620
3722113
4962003
3580587
5579418
3952250
4158399
3966890
3580564
3555514
3325406
3736693
3531548
3761656
3785622
3555520
3041815
3991735
3952178
3482152
3761633
3002264
3531583
2232849
3555566
3736641
3110870
3555537
3736670
3991770
3819410
3041809
3555543
2232855
3736664
3819404
3002229
3075211
3819433
3374304
3614300
3746088
3628940
3075205
3771034
3051222
3628928
3771040
3746059
3531502
3819479
3041867
3065856
3496705
3374356
3531525
3785645
3820459
3604916
3819491
3604922
3820465
3785639
3722604
3075174
3673113
3433449
3722610
3099157
4962173
3075168
3722627
3433461
3075151
3722633
3075145
3927944
3075139
3075122
3673142
3952988
2217904
3697102
3433432
4173482
3227141
3746651
3565286
3349571
3722685
3771620
4173424
3986332
3746674
3565263
3349565
3805514
5858584
4962121
4976778
3962395
3722656
3805508
3648173
4976790
3986349
3805537
3075197
3590226
3624190
3075180
3565292
4927722
3986289
3016763
3531896
2203374
3110918
2203380
3805566
3016786
3252073
2203397
3771531
2183996
3746562
3854518
3276056
3291699
3398612
3090713
2227386
3110976
3638861
3624215
3673194
3002198
3878536
3506869
3531815
4927797
3673188
3531809
3638855
3203169
3697148
3638849
3878565
3795595
3531838
3854530
3384024
3531867
4927768
3002152
2217962
3854599
3384030
3795572
3531850
4927751
3878507
3203123
3384047
3913356
3203100
3120377
3927996
3423994
3722722
3360093
3673231
3697208
3423988
3398463
3927855
3673225
3408368
3144372
3722745
3746711
3423965
3937227
3673248
4187975
3952876
3600284
3878341
3359055
3638890
3065661
3624238
3590189
3359049
3722716
3408380
3638878
3589128
3771732
3291819
4962210
2227162
5667921
3349677
3732146
3903808
3771726
2227185
3756106
3722768
3325688
4976896
3986243
3771703
3565197
3408322
3732100
3075079
3648285
3673219
3722780
3722797
3732117
4962279
3590114
4187917
3075062
3673202
3555750
3805431
4927840
3301682
3756052
3829408
3756046
3781015
3614949
3516158
2217896
3805454
3795649
3795632
2193463
2227222
3746697
3829443
3482376
2227245
3732057
3482382
3580736
3496993
3771637
3795603
3771643
3805483
3829489
3506740
3089615
3457361
3301601
3829495
3697295
3829466
3878430
3496958
3829472
3600373
3168438
3756098
3854487
3555721
2203210
3913250
3433372
3756081
3927890
3878401
3120495
2203233
3457355
3927743
3418036
3614599
3144490
3854257
3065595
3242956
3614576
3168444
3878217
3359173
3614582
3937121
3614553
3878246
3359150
3638513
3217906
3903725
3242991
3952764
3722449
3952793
4173654
3722455
2227044
4173660
3746409
5820191
3722461
3746438
3746421
3408629
3418007
4962368
3937196
4158057
3193471
4158040
3408687
3819901
3722426
3408664
3722432
3771330
2203121
3120503
3325760
3819953
3785987
3962076
2193121
3325754
4927952
2203138
3785970
2663325
3325783
3311143
4173714
3746384
3590427
2203150
4976904
2227104
2183789
3830311
3722366
3771301
2203173
3805342
4976927
2227127
3986094
4927917
3119569
3722389
3384219
2203196
5002564
3722395
3467052
3795388
3600002
3016591
3614659
3614665
3913178
3829377
3868986
3830363
3878306
3325702
3868992
3893955
3614636
3614642
3927795
3614613
3203376
4913358
3467000
3516477
3443057
3854346
3541417
3614607
3242910
3193560
3687629
3624066
3687641
3624020
3878105
3624008
3673047
3746533
3335296
3952669
3746527
3722573
5820073
3937061
3722596
3722521
3360213
3722544
3349878
3359204
3089466
2736604
3819806
3335244
3746496
3771465
3819829
3565317
3795402
3805218
3976581
5653474
3746450
3771413
3746444
3349826
5653422
2203061
3565346
2183855
3746467
3105030
3854205
3829242
3673076
3168645
3374787
2183832
3868868
3325820
3868874
3673099
3482554
3878200
3531956
3927677
3638714
3555951
3697088
3301802
3638708
3829294
3697094
3482548
3203471
3771471
3516365
3927648
3771488
3830268
3154005
3130045
3516371
3594201
3329580
4932746
3618746
3810484
3584846
3281057
3378532
3594230
3799541
3378549
3932916
3810490
3570264
3858433
3569261
3667727
3799529
3570258
3329522
3584881
3628130
3305510
3643767
3643750
3046221
3628118
3883460
3138897
3187861
3932968
3207061
3187855
3305533
3628124
3036895
3560805
3956957
3222735
3981926
3628101
3584817
3222741
3883425
3305504
3618769
3653197
3222675
4168541
3085741
3232018
3628176
3187884
3535813
3246658
3197227
3521202
3462422
3535836
3511882
3907999
3046132
3692702
3907982
3917302
3810509
3271662
3256013
3594170
3907976
3751557
3653116
3653122
3570175
3667762
3667785
3114945
3809541
3653151
3330494
3667791
3138905
3907924
3594141
3330465
3726588
3692754
3653174
3295639
3163903
3643810
3873929
3354649
3281169
3545131
3785042
3569108
3114968
3354632
3761082
3824983
3667816
4917221
3785036
3594112
3403945
3667822
3761053
2197478
3584792
4981839
3858315
3329634
3848989
3330620
3315023
4981851
3667851
4932806
3799630
3810395
3535747
4942271
3883336
2197449
3329628
3897999
3535753
3643862
4942242
3521113
3628242
3521142
3604253
3486210
3476878
3535776
3858396
3785088
3643833
3222876
4942207
3604247
3785071
4917267
4168452
3222770
3071012
3246747
4168446
3511706
3917259
3677269
3071006
3413375
3751623
3751617
3437393
3712037
3535701
3437329
3628294
3437335
3535724
4168475
4991192
3535718
3628288
3667868
3761018
3271780
3667874
3271797
3810403
3569060
3667880
3594069
3692837
3736061
3761001
3653263
3413352
3726683
3653286
3809452
3991149
3653292
3677246
3295763
4942319
2197159
3570471
3848831
3991089
3570465
4981905
2197136
3790994
3824859
3330784
4981934
3775368
3330790
3799305
4981963
3790965
3790959
3354709
3413613
3222913
3354715
3790942
3545438
3545444
3932715
3897870
3222959
3197411
3521478
3545421
3917070
4917391
2207018
3858278
2222638
3462592
3545450
3570407
3917041
3232320
3917130
3981607
3702300
3486664
3462675
3667590
3932684
3207351
4154154
3702346
3364079
4942294
3486606
3364062
3462652
3295869
4991217
3726364
3741990
4981874
3702381
3667526
3907723
3462623
3702375
3702369
3667532
4991200
3765967
3765938
3378822
3692524
3809334
3741984
3966097
3594388
3692518
4168742
3741978
4991246
3378851
3295881
3765921
3584993
3594336
3594342
3584964
3848765
3354856
3570399
3330896
3413501
3570382
3329870
3354833
3330867
3751497
3354827
3834102
4991401
3330873
3354810
3330844
3848794
3330850
3559937
3388045
3848788
3330821
4942495
3559943
3848771
3388051
3834148
3486486
3810194
3584958
3560981
3329812
3330809
3330815
3329829
3486463
3197500
3232432
3569309
3858143
3834183
3873757
3653062
3628093
3702429
3956503
3858195
3917006
3956532
4154036
3486517
3232366
3628087
3486523
3883129
4154094
3559920
3256332
3295935
3295941
3207434
3702458
3907640
3628035
3883158
3956561
3594282
3907628
4991335
3594299
3751451
4991329
4991370
3594247
3653027
4154013
4991387
3667673
3981576
4991358
2197188
4168624
3726476
3667696
3981582
3339377
3378986
3653501
3628532
3555075
3413820
3653518
4991507
3868236
3340357
3820264
3628526
3844218
3819284
3579012
3110019
3340328
3785384
3594649
3354974
3315359
3883810
3628503
3883827
3579064
3594661
4917534
3883833
3340311
3594678
3315371
3506065
3712416
3712422
3570614
2197780
3712439
2197751
2173785
3868259
3570672
3628555
3531086
3893234
3712362
3712379
3712385
4158755
3506013
5819704
4168127
5819710
3810969
3506059
3545622
3761372
3820318
3462847
3364292
3364286
3810975
3785332
3834935
5819762
3810998
3883916
3364263
3462853
3819321
4991499
3819350
3423273
3799920
3462818
3775954
3462824
3819373
3834970
4158703
3614010
3820152
3110143
3614027
3820169
3173735
3868118
3570577
4966662
3868124
3628644
3110137
3844164
3820198
4991654
3315477
3844158
3628621
3844141
3820181
3844135
3638068
3051914
3614091
3712528
3545556
3868182
5555665
2183281
3712534
3893122
3614085
3712557
3315454
3026922
3966625
2183246
3026916
3712505
2183217
4966633
3545585
3026939
3712480
2173868
3099826
3927068
3942599
3712497
3966542
3462793
3099832
4158637
3099855
3712445
3903056
3712451
3462758
3903062
3462787
3486718
3903033
3809848
3638074
3712474
3545504
3903010
3834846
3810857
3085244
3628704
3903027
5819638
3364398
3810886
3834817
3761478
3819203
3903004
3844201
3378940
3761461
3378957
4917600
3858829
3340386
3820212
3820229
3761449
3820034
3667905
3643922
3785177
3388565
3002809
3340587
3580251
3197813
3594885
3173801
3820086
3594891
4991789
3653317
3820057
3580297
3834697
3580280
3761165
3692903
3726803
3569887
2197567
3570867
3594856
3883690
4168280
3868070
3232751
4168274
3531287
3594862
3594879
3883649
3643974
3594804
3580222
3531293
3570896
3942576
3594827
3256757
3594833
3232691
3677393
3677387
4168311
5819928
3545817
4158985
3809713
3893056
3183283
3991445
3751706
3991416
3712103
3809759
3834711
3991474
3291038
3423474
3761136
3917532
3291021
3291015
3447463
3423445
3266069
3692984
3799707
3521828
3291073
3388631
3820123
3653398
3291050
3506214
3820100
3291044
3834740
3388424
4991849
3364694
3148996
3325085
3785295
3173959
3413932
3785289
3437944
3110373
3810596
4976241
3301073
3413984
3580179
3085020
4976264
3580162
3301096
3026721
3569769
3628495
3883572
3594738
3340624
4168156
3628489
3883520
3242212
3628466
3315661
4168191
3726915
3569775
3628443
4168216
3266112
4158896
3917495
2197604
3942352
3942369
3315626
3917472
3521751
3966358
3531100
3099619
3486977
3291110
3099625
3942381
3291104
3242175
4168239
3266135
3810627
3736291
4158809
3917420
3462959
3653464
4158815
3810610
3653470
3677424
3653487
3810633
3653493
3677447
3810656
4158844
3364599
4158838
3775842
4158821
3511014
3476163
3780978
3956064
3549643
3755992
3525654
3780961
3261439
3780949
3741381
3780955
3765329
3780926
3755963
3511066
3800215
3094740
3755986
3741346
3550652
3491754
3549666
3800238
3790379
3887819
3383935
3765393
3452139
3104674
3922674
3403164
3863807
3765370
3907025
3031159
3525625
3922645
3848239
3790327
3383987
3549608
3741398
3383993
3765358
3031171
3393307
3417864
3393336
3873272
3657580
3608570
3873208
3657597
3608587
4982129
3442804
3873214
3608558
3946640
3427213
3358860
3946657
3442827
3873237
3574552
3358854
3574546
3598535
3932046
3716348
3731974
3755940
3549583
3358825
3598558
3946692
3897255
3334842
3574598
3873289
3932075
3873295
3574581
3731922
3731939
3956058
3932081
3310899
3574575
3932098
2188350
3334836
3319216
3491688
3476045
3790416
3550505
3741487
3741470
3285552
3549525
3006055
3006061
3971589
3550540
3765418
3466696
3922579
3427035
3790480
3466667
4933303
3824150
3790451
3922527
3442655
3765482
3863724
3045687
3598481
3922616
4972898
3163116
3873125
4188087
3887788
3442738
3618031
4996841
3417723
3897108
4188093
3574486
3633668
3417798
3608699
3319392
4933237
3848185
4982276
4996887
3358995
3790385
3344355
3887759
3618002
3358989
3741406
3643098
4164000
3236542
3319357
3643081
3897195
3716466
3741429
3187186
3334983
3643069
3574405
3741412
3971508
3873160
3897120
3334977
3417700
3873177
3873183
3550497
3320515
3780731
3780719
3755756
3550876
3780725
4178953
3320538
3319541
3741145
3320521
3780702
3741139
3559239
3560225
3922496
3574871
3560231
3574865
3104875
3731773
3814631
3657261
3476329
3800020
3623925
3814660
3922450
3657278
3824003
3466992
3657284
3623902
3623919
3682230
3780783
3814677
3922421
3838620
3741168
3780777
3550830
3069535
3780760
2213705
3780748
3427437
3887647
3647972
3672941
3657309
3657315
3873013
3163240
3368479
5824036
4933378
3824061
3863641
3657338
5824042
3706700
4933349
3897054
4188348
3560142
3706752
3535173
3897077
3755704
4972958
3560136
3946456
3246026
3706798
4972964
3897031
3403402
3560165
3246049
3672906
4188331
3873071
3403419
3560171
3897025
3946491
3559185
3320633
3511132
3525772
3755874
3550758
3741234
3780843
3320656
3045411
3922390
3755897
3549749
3780820
3741257
3780808
3550787
3922361
3319624
3741228
2213674
3716271
3755851
3741211
3922332
3765275
3790238
3177928
5814641
3525714
3427242
3863517
3790215
5814658
3838554
3780895
3789229
4933510
3511103
5814664
3550712
3549726
3525737
3153968
5814670
3780872
4933504
3549703
3765246
4982454
3863552
3584071
3936920
3584059
3887541
3790184
3657456
3442980
3657462
3403388
3706829
3403394
3790149
3584088
3163346
3716207
3936995
4188236
3574664
3574641
3731804
3946350
3285724
3559050
3319587
3574693
4982425
2174276
3305125
3608937
2198259
3305119
3800681
3809015
3608914
3305131
3790741
3608920
3790735
3751126
3810024
3657901
3295272
3584421
3809021
3608908
3765789
3305102
3790706
3393721
2188870
3511416
3873645
3618338
3070308
3511422
3809067
3378118
3809073
3535405
2174218
3897634
3069311
3084931
3511445
3084925
3618321
3873674
3608972
3084919
3476513
3608989
3932520
3775150
3236909
3858025
3873639
3834065
3667348
3883046
3716727
3413027
3667354
3692323
3413010
3858060
3618396
3932448
3667360
3692317
3070248
3907551
3084894
3413004
3667377
3932460
3692346
3069245
3883000
3618373
3667383
3897640
5814026
3883017
3932483
3692369
3236878
4193987
3368663
3716710
3692352
5814049
3618367
4168972
3305088
3800706
3584349
3305071
3765743
3657953
3330057
3368634
3726140
3305094
3329048
3800712
5814090
3246262
3716762
3320662
3305036
3584384
3702180
3667325
3285842
3305065
3716791
3741731
3702168
3667331
3800758
3775256
3790899
3330206
2174388
3790882
3559328
3320863
3775233
5647462
3320892
3329203
3765890
3560343
3775210
3305208
3319831
3320857
3848506
3560337
3305214
3765884
3476447
3549910
3476430
3550913
3549927
3319825
3848541
2174336
3824581
3319819
3393632
3550942
3549962
3212990
3378041
3035890
3799239
3525996
3932419
3692429
5550001
3378064
3187565
3907456
3187559
3971922
3403566
3643460
3070136
3692464
3907427
3525909
3702234
3897522
3354164
3525921
3368781
3584237
3560260
3765855
3932394
4168848
4168831
3584214
3667408
3702257
3726269
4168819
3320797
3981352
3667437
3584266
3368723
2198265
3667443
3403537
3790528
2174023
3584622
3320981
3295450
3344958
3824434
3584674
3765536
3765542
3486150
3569025
3765513
3378331
3486167
3873409
3378348
3319914
3608788
3907284
3511675
3521001
3667087
3320923
3907278
3608765
3692033
3907255
3790563
3608742
3319908
3692085
3907232
3560610
3476849
3437246
3946829
3618172
3667101
3907338
3476832
3932201
3643112
3643106
3932218
3907309
3922935
3437217
3897404
3608794
3437223
3873473
3584591
3403879
3584585
3716578
3765507
3741518
3716584
3932282
3403856
3354224
3173072
3295438
3716532
3295409
3741501
3560550
3790646
3535575
3981168
2174170
3486078
3608802
3011659
3305496
3814950
3330407
3824316
3726045
3741671
3486061
3765660
3863902
3790600
3560567
3657806
3765631
3584527
3981180
2174129
3486049
3692145
4943359
3535523
3775078
3873303
3378259
3608854
3692174
4918373
3535569
3124168
3790675
3378288
3946812
3535552
5672690
3873361
3946700
3873378
3873384
3716621
3873390
5814121
3618284
3222563
3946746
3887966
3618255
3873326
3667265
3887972
5814144
3946752
3873332
3667271
3476708
3197109
3887989
3511511
3692240
3667288
3873349
5814167
3946775
3873355
5814173
3295510
3584467
3716696
3295504
3657835
3271515
3271521
3657841
3716644
3368976
3305390
3716650
3716667
3295533
3344993
3716673
2174081
3961421
3432591
3672266
3456568
3696249
3731106
4150340
3241862
3192313
3216841
3290814
2203724
3192307
3290808
4188957
2203730
2203747
3696255
3456545
2203753
3647222
3515443
3961473
3407541
3432510
3706195
3686848
3588376
3672208
4188934
3265897
3334078
3309086
3686854
3310095
3745781
3407564
3309040
3804696
3309034
3031900
3006960
3814016
3540398
3877614
3613973
3309063
3780033
3309057
3828662
3877637
3731075
3731081
3853654
3686920
3794638
3309028
3324654
3838011
3731098
3407601
3838028
3530974
3863032
3887015
3863026
2203776
2203782
3696290
3530997
3838057
3530980
3887038
3863003
3838063
3515360
3578952
3780091
2168755
3241810
2168749
3780085
3202276
5800745
3202253
3016349
3623316
3863049
2168761
3613996
3696350
3432473
3706232
3481402
3912368
3731201
3672378
4972088
3241968
3731218
3936363
4174240
3745864
3696344
3745858
3985315
4188822
4188816
3745806
3706278
2203606
3647363
4188845
2203629
4174205
3055875
2203635
3530939
3731276
3926933
3985350
3588264
3731299
3672326
3334196
3251381
3926904
3902921
3731230
3299353
3745887
3334167
4996031
3731247
3065299
4972071
5535639
3745893
4972065
3299324
3299270
3373606
3324795
3348761
3804578
3780168
3780151
3334109
3299258
3539283
4962635
3780145
3373641
3877519
3853559
2178274
3324743
3348732
3407512
3299293
3853536
4986630
2193894
3309146
3779113
3578892
3780116
3299287
3853588
3324708
3529853
2193888
3554839
3623492
3324737
3309100
3623463
3530862
2178245
3721823
3530891
3554874
2227647
3397699
3481454
2178216
3383088
3241945
3515615
3417189
3417172
3251435
3481715
3902884
5824987
3926844
3031780
3358297
4972131
3926815
3745568
3745551
3358280
3373902
3769511
3902826
4972154
3745574
4972148
3985278
3804420
3902803
4972177
3745522
3828403
3686618
3358245
3299465
3745516
3721562
3804443
3745545
4972183
3299442
3564594
3985195
3358216
3794443
3588548
3348896
3564588
3118676
3794437
3613708
3828426
3309293
3794420
3613714
3745485
3769451
3794414
3769468
3324861
3745479
3828455
3309264
3143645
4972119
3383361
3348838
3745491
3324884
3828461
4972102
3539538
3540553
5667594
3031774
3540524
3637755
3613789
3491151
3613795
3696060
3539550
3031768
3794495
3613766
3794489
5824906
3466182
3006782
2203598
5824817
3926778
3672148
3745605
4174464
3466006
3877293
3456692
3745628
5824846
3926749
2168726
3902795
3912109
3745611
5824869
3696166
3540518
5824875
3456657
3696137
3417083
3539515
3202537
5824881
3275588
3794609
3275594
3299548
3358392
3456611
3731069
4174412
3843911
4972289
3745634
3721697
3041092
3794578
3804348
3588436
3118794
3588413
4913890
3804354
4962871
3794549
3006629
3588471
3770572
3407759
3794526
3843986
5667602
3828337
3383237
3867900
3769557
3769563
3588442
3192750
3892967
3006687
3853335
3348904
3006693
2203428
3515472
3192767
2168695
2203434
3310327
3226526
3153187
3515495
2227417
3867975
3623210
3564424
3466035
3853370
3564418
3236016
3922295
3515851
3985887
3946278
3971247
2213504
3309502
3696692
3682081
3985864
3540814
3525223
3261020
3682098
2213533
3525217
3525246
3814401
3922220
3202655
3285026
4972378
3696634
3672668
3261072
3696640
3672651
4972390
3779550
3672680
3696611
3814430
3672674
3456918
3417396
3672697
3696686
3779544
3285049
3696657
3299695
3456947
3755578
3442307
3608133
3647736
3598133
5824266
3647713
3863411
3887423
3608127
4972303
3358423
3672711
5824289
3696717
4913996
3657114
3672734
3358400
3574173
3657120
3838494
3310480
3936854
3696700
3672757
3310439
2213579
3985806
3936883
2213585
3540760
3006575
3647794
3731508
3647788
3310445
3525186
3588755
3574115
3961852
3153299
3647765
3971201
3608191
3310416
3961875
3525192
3731678
3515733
2178759
3804905
3985769
3491211
3922160
3515756
3212145
3731690
3804928
3922148
3515762
3804911
3946172
3755609
3539745
3515779
3456870
3118908
3525105
3828923
3539739
3515785
3922125
3564708
3540719
2213421
3716029
3716035
3922102
3985781
3804986
3456835
3971193
3780694
3672786
3285150
3780688
3285121
3080465
3407883
3789005
3682112
3672792
3971187
3261178
3828998
3716093
3853944
3055496
3853921
3696781
3417249
3672817
3647854
3574032
3549086
3525097
3623894
3432929
3887305
3549057
3564683
3623871
4972421
3598038
2188083
4972450
3623842
3657232
3696841
3310586
3672881
4972473
3574055
3540665
3310557
5682636
3153371
3863380
2213467
3887386
3564619
3564602
3309525
3466271
3407914
3275708
3310505
3192974
3309548
3550014
3887357
3491234
3731313
3696479
3466590
3696485
3985611
3236275
3769913
3961674
3696462
3236281
3706321
3912693
3236298
3299873
3491530
3285204
3696491
3804845
3985663
3912664
3525476
3887191
3672421
3828840
3804851
3794963
3971052
3995012
3299896
3780317
3985692
3794940
3285256
3779320
3780300
3696433
3672467
3031389
3745999
3696410
3525401
3672473
3696427
5618118
3344042
3814269
3877850
3574380
4972527
3828892
3623517
3393112
3358653
4972562
3877815
3358647
3417657
3853884
3779248
3863204
4972585
3877838
2178357
3006316
3863262
3310669
3887251
3358601
3226880
3006345
3550385
2193948
2168991
3922094
3706309
2178305
3922088
3550362
3309666
3922071
3550379
2178328
3863285
3310646
4972504
3564909
3069848
3696597
3299956
3706479
3525306
3006285
3731448
3069825
3540926
3525329
3525312
3731460
3310847
3540932
3912575
3442477
3985551
3731402
3525335
3299985
3887050
3045859
3985539
3647593
3540961
3804727
3045842
3731425
3310801
3299962
3261379
4982052
3804733
3368195
3515928
4982098
5824450
5824467
3442402
4982081
3814128
3442425
3608015
4972651
4947682
3574262
3319191
3383674
4972674
3574256
3853720
3153514
3608009
3838100
4947653
3814157
2746927
3853789
3780369
3780352
3319185
3672645
3853766
3794986
3647699
3887127
3525269
3393069
3393052
3525281
3334747
3647676
3540889
2213220
3045807
3887156
3393075
3177555
3623687
3863196
3299910
4972616
3525298
3299904
3608038
3549258
3961527
3887104
3588850
4972639
3334701
3574210
3310770
3550250
3961510
3647624
4972622
3623670
3574204
3613045
3882992
3652654
4914085
3436956
3578188
3613051
3941826
3412973
3867337
3578165
3074298
3676637
3882957
4928696
3074281
3676666
3989804
3882963
3867389
3074275
3422322
3686009
3676689
4928667
3867366
4914033
3711552
2216158
3529178
3892393
3735529
2216164
2216170
3711581
3652602
3279623
2216193
3711517
3578142
3613068
3652631
3613074
3529103
3735475
3784410
3990799
3471384
3999122
3784404
3760421
3735498
3314414
3989773
3216054
3999151
2216230
2172840
3001230
3735452
3485989
3759412
3530141
2172811
3627722
3686015
3627739
3676695
3519702
3519719
3999174
3686044
3686038
3519725
3603762
3519731
3544700
3040891
2231809
3603733
3902223
3422397
3843443
3867403
3613163
3867231
3916722
3652789
3867219
3436850
3652795
3613157
3231711
3867202
3578047
3387376
3941737
3867277
3603791
4987144
3882851
3867254
4914145
3843288
3436821
3989715
3759607
3711670
3951109
2231672
3941789
3989721
3735653
2216052
3338550
3231792
3759613
2231689
4159430
3241106
3990747
3314555
3530081
3990724
3015806
3280709
3578018
3280721
3015812
3241141
3098169
3280715
3471272
3833901
3990664
3279675
3759553
3544634
3603816
3808961
3265006
3759582
3519671
3808955
2216106
3544611
3833947
3529020
2172969
3759524
3818304
2216129
3241081
4159536
3759547
3485860
3999010
2216135
3529037
3999027
3926146
3108301
3759530
2216141
3882911
3049159
4963095
3833999
2172917
3999085
4987055
3613217
3818333
3882934
3088745
3603897
3999056
3471208
3049165
3290033
3926100
3818391
3916768
3867308
3025153
3784551
3784545
3206736
3701909
3231800
3603472
4938298
3373055
3373061
3882762
3603466
3627455
3652424
4170199
3857770
4170182
3882785
3652447
3373084
3857764
3701944
4194142
3784290
3397067
3348040
3422575
3172954
3784284
4914292
3348057
4987256
3701921
3882733
3422569
3348028
3422552
3784261
4194171
3348034
4169144
3348005
4184787
3182390
3749922
3749916
3965643
3701967
4160798
4977849
3892186
3749945
3554377
3735305
3324045
4159795
3300091
3941683
3882791
4184741
3990629
3314667
3578389
3627490
3951049
4184764
3627461
4977878
3578366
3015663
3280773
3774848
4928816
4184824
3749879
3314650
3300004
3241193
4160829
3774831
3808837
3749891
4184853
3040626
3926063
3989543
3554348
3833829
3289142
2231637
3892192
2231620
2216000
3015640
3735216
4159884
3926034
3015657
3387726
3735222
4159878
3833864
4928897
3471556
4928880
3808895
3784249
3882822
3471562
3422598
3206883
3774883
4928851
3001069
3902016
3760220
3519990
3039698
3025058
4928822
3520987
3843035
3627567
3676502
3603590
3603584
3446400
3422405
4938393
3446417
3652565
3627550
3676519
4987351
3446423
3182409
3627509
3064578
3348123
3735400
3965525
4977950
3843087
3735423
3867047
3892022
4928934
3990434
3290205
2206527
3735363
3290211
3808725
3314779
3989425
3289219
4184729
3798903
3735386
3833700
3735311
3808731
3314704
3749980
4160752
3735334
4977921
3529273
3774914
3568847
3387614
3808777
3387620
3039586
3289283
3290286
3760384
3471444
3520823
3857758
3784338
3387666
4928963
3760378
3857741
3373032
4928957
3039563
4914317
3603609
3373049
3877169
3397268
3877175
4198795
3735920
3397251
3637471
3397280
3182579
4160143
5556015
3735943
3711983
4159157
3182504
3711919
3397297
3711931
3637436
4198772
4159105
3760964
3985002
5845222
5821279
3784918
3760970
3769304
3760941
3961065
3760935
2192073
3745309
4987440
2192050
3554549
2202038
3578515
3314874
3108608
3804213
3828202
2192038
3784870
3290323
3300257
3529592
2192015
3828231
3290381
3769221
3745232
3804259
3784841
3759872
3338811
3804288
3828219
3867811
3578538
3745255
3784829
3471792
3686498
3471786
3530514
3064408
2216626
3529511
3397311
4914470
3529540
3769296
3397340
3926695
4914458
3529563
3769273
3118044
3373397
3471763
3926666
3446630
3397133
4159045
3064383
4987598
3902559
4160025
3721421
3975512
4160083
3902536
4174688
3446624
3975558
3192069
4174636
3554489
5654605
2192191
3578490
3289521
3324370
3975587
4987552
3804101
3290458
3338969
2216566
3108726
2192156
4914530
3770342
3769356
3300369
3481069
3554414
3300375
3495686
3769333
3108778
3300300
2192104
3108761
3554472
3554443
3495663
2241570
3108790
3030906
3760993
3338917
3784947
3578403
3828165
3481017
3877100
3387873
3495628
3054976
3867722
3794383
3926583
3529422
2216514
3867797
3446682
3926554
4938513
3828188
3373285
3397239
3432349
3456315
3613281
3902447
3711718
4973053
3456321
4997042
2735496
3432326
4973082
3711747
3951428
2759433
4198996
4997088
3975400
3627892
3613223
4948032
3711701
4198944
3289627
3711799
2216394
4198938
3759719
3289604
3745108
3289610
3348471
4963681
3711753
3588198
4159387
3108809
3289679
4198921
4987687
3759702
3324499
3588175
2182488
4198915
4160344
3588169
3770000
3759688
3029837
3784657
2216448
3348413
3818617
4900019
3029820
3759671
3554791
3784634
3745054
3759694
3373523
3588117
3759642
3759636
3735682
3818652
2182436
3324418
3759665
3540168
2241446
3759659
3818675
3290599
2182413
3373569
3529741
3686268
3530738
3926488
3843667
3627975
3030898
3613335
3770069
3078818
3828018
3828024
3530744
3686274
3015226
4900048
3029872
3054835
4914688
3770052
4900054
3456367
2216419
3554727
3926436
3143237
4938625
3916975
3686305
3892447
3471823
3735802
4973171
3711842
3471817
3265710
3916969
4160278
3471852
3711859
3941967
3686311
3471846
4973194
3711865
3916946
3039155
3613364
3182869
4198861
3216723
3529706
3686334
4198878
3289716
3637324
3711807
3039149
3241767
3613341
3941996
3530709
3529729
3892424
3916900
3686357
3529712
3965956
3627998
3867484
3951316
3265733
2206906
4973107
3784812
4198832
3422813
4198826
3578691
3422807
2216299
4198855
4198849
3578685
3652967
3251174
3192276
3711871
4159252
3711888
4198803
3990960
4174843
3637382
4160226
3770129
3530690
3554673
3770135
4174903
3529698
3118311
4900137
4914748
3770106
3784752
4900108
3578610
4963729
3784746
3373405
3118340
4159306
3299063
3300553
3005713
3540079
3843503
3784723
4150943
2182519
3975297
3760740
3926399
3118328
3299040
3554696
4150937
3300576
3529623
3529617
3039103
3530632
3529646
4900189
4900195
3770193
3770164
3902364
3471869
3529669
3926330
4900172
3495858
3202158
3770170
3916998
3770141
3529681
3902341
2216307
3471881
3843561
3926301
4938743
3328238
3808145
2172082
2196071
3328250
3392816
3583516
2196059
3774245
3583580
3788891
3749282
3137544
3392851
3749276
2172047
3137538
3583568
3774222
3666403
3392874
3749299
2196013
3485073
3750285
3392868
2186664
4180186
3461078
3510575
3461061
3617497
3343806
3485050
3510581
3882147
3617445
3701306
3857190
4179160
3798286
3857178
2186606
3461055
3534587
4943419
3221434
3461049
3872781
3558530
3916053
3740832
3691447
3931584
3436169
3979527
3461109
2162600
3475778
3691476
2162617
3475761
3739800
3284943
3979562
3642472
3284937
3221380
4179214
3739817
3774216
3284989
3583491
3353153
4992317
3328184
5816255
3906623
3583479
3749253
3353130
3367764
3666455
3823860
3740878
3847837
3328149
3740861
3666461
4992323
3691424
3739898
3823854
3666484
3270361
3749218
5816195
3847636
3617528
4918568
3558470
3328379
3872611
3113638
3617505
3558441
3798346
3808033
3113644
3392704
2196148
3328310
3774363
3304344
3328304
4918539
3377107
3318984
2172194
2196125
3377113
3774340
3558487
3774357
3666521
3137633
2172136
3377136
3857037
3377142
3882006
4179088
2186799
3617586
3377159
4180080
3392791
3617592
3304321
3896652
3318961
3701424
4180016
3642526
5660020
3931549
3377188
3701401
3558406
4918580
4194679
2186724
2221449
3739964
3701341
3701335
3691565
4180105
3245400
3739958
4179125
3931466
3701329
3931472
3739987
3739970
3906592
3882035
3931495
3701387
3739941
3701364
3955478
3896698
3050984
3749388
3906505
3666567
3788945
3666573
3353236
3328267
3749342
3725376
3666596
3691542
3025905
4928012
3750078
3607843
3749081
3749075
3593124
4967638
3750090
5611180
3823529
5698749
3607837
3750032
3328439
3568184
3656824
4992636
4918628
3750055
3328451
3656830
3568161
3823570
3656847
4992613
3583700
3617244
3691163
3520125
3872580
3520148
3931408
3607889
4928041
3485222
3607872
3520183
3499879
3461285
3245624
3931331
3681897
3994917
4180476
3681880
3642265
3931354
3715656
3499945
5816427
4180418
3906445
3896563
3969983
3994952
3931383
3617267
3715610
3461339
3269524
3499916
3475910
3994981
3656853
3294545
3740677
3979361
3739674
3740660
3294516
3436330
3475927
3750003
3764637
3979349
3412387
3764608
3681851
3328391
3412370
3681845
3739639
3328385
3593041
3098821
3715691
3270591
4155449
3377515
3593058
3353348
3280098
3568037
3392911
3583657
3607978
3520088
3392928
3392940
3979295
3568014
3544048
3353549
4928101
3353532
3377320
3377337
3750150
3583692
3750144
3656942
3377343
3583686
3681905
3847412
3681911
3823452
2211824
2186546
3872433
3520007
3823481
3050808
3715811
2162592
3617356
3206096
3823498
3025897
3715828
3436198
3544025
3475790
3583611
3475784
3872404
3632953
3461144
3969925
3607984
4967710
3872410
3798151
2211899
3872427
3715751
3475873
3740714
4155389
3231013
3739711
3740708
3098749
3739740
4180358
3475896
3931236
3969842
3074743
3499833
3035163
3475838
4180306
3436241
3715722
3642348
3970874
3475850
3436258
3269642
3617391
3715745
3681928
3750115
3681934
3137900
4918723
3750109
3436206
3231094
3969894
3475815
3750138
3269688
3750121
3583597
3681940
3980217
3823506
3980269
3681963
3823512
3294692
3980275
3412246
3666366
3979266
3681986
3074772
3666811
3857557
3314070
3137981
3617899
3314064
3666828
4992837
3833568
3666834
3377679
3857534
3666840
3568362
3377685
3652200
3666857
3798694
3353644
3387028
3666863
3387034
3798671
4992843
4918870
3221836
3387040
3387057
3583947
3519375
3011116
3387063
4170354
3965407
3520390
3642897
2196450
3558978
3011139
3544338
4169351
3314006
3701789
3485481
3270817
3231214
2172478
3328617
3642868
3245877
3965442
4170383
3666805
3186962
3098608
3979993
3098614
3534920
3676293
3510977
2206409
3965330
3035022
2172432
4169405
3808607
3206251
3750641
3304605
3989359
3206245
3583901
3172380
3294746
3520332
3544309
3534966
2206444
3461546
3989365
3965376
3485535
3750612
3558926
3231183
3035016
3989336
4170420
3990339
3711026
3965399
3652252
3280141
3412565
3377716
3808671
3377722
3760036
3412559
3989388
3691890
3510925
3676264
3735038
3760007
4918812
3510948
3676287
3279161
3510954
3676270
3412594
3818037
3294798
3642963
3808493
4992955
3627308
3544284
3652312
3691909
3617988
3642934
3314153
3701826
3676301
3377573
3328793
3691921
3642911
3652341
3691915
3617942
3245908
3701803
3642905
3568296
3955923
4992961
3245914
3338107
3691944
3833491
3931963
3617959
3221954
3172463
3025621
3245937
3701861
3701855
3980915
3245920
3098583
3701849
3627389
3701832
3049604
3025650
3979906
3955952
3627395
3245943
2206272
3304752
3245972
3965301
3583858
3304746
3955975
3520289
3603383
3245966
3965324
3270906
3304775
3980921
3701884
3979941
3269932
3583829
3965229
3750753
3304717
3941252
3941269
3294806
3269872
3245883
3989201
3979852
4159967
3304723
3519205
3965235
3701795
3558820
3270898
3294864
3965264
3989230
3965258
3558808
3294835
3979898
3711138
3520237
2172509
4160982
3294829
2206349
3980890
3652370
3784120
3965293
3461411
3412447
3774765
3833545
3510807
4160924
3857511
3735162
3906971
3377627
3833522
3906942
3989299
4159909
3906959
3735185
3279296
3847990
3377892
3857310
3872953
3412737
3666604
3808398
3353897
3666610
3147583
3338254
3666627
3353874
3338231
3544580
3931851
3353845
3627053
3025526
2196208
3098471
3353822
3603087
3627030
3857362
3328830
3872999
2186865
4194538
3617698
4194550
3603029
3979846
3882348
3941246
2172225
3304887
3314207
3279304
3965100
3294924
3495137
3676057
3749425
4179013
3979734
3965123
3485788
4194656
3979792
3544545
3989112
3990115
3485771
3485742
3979786
5542579
3485759
4169670
3666656
3666662
3666679
3666685
3412795
3989141
5816031
3049478
3666691
3691648
3436761
3725488
3990167
3436778
3338194
3676034
3652080
3049484
3412625
3896801
3798599
3666716
3872858
3990084
3436614
3412602
3666722
3990090
4977559
4928578
3666739
3617729
3666745
3593443
2196390
3798553
3652111
3412648
3387175
3701625
3544462
3182036
2172395
2206013
3857250
3353928
3857244
3353934
2196303
3896847
3701660
3255522
3568468
3872887
3544485
3568451
3485587
3544491
3568445
3701631
3941016
3328913
3749514
3979645
3941022
3941045
3916136
3544427
3461670
3040939
3965011
3627188
3941080
3965034
3965063
3652140
3666780
3377828
3965057
3652157
3989017
3652163
3872901
3774529
3823989
3436637
3133109
3965092
3074312
3461612
3847932
3989052
3847926
3500364
3524330
3994343
3754679
3764005
3019460
3740039
3715082
3500370
3250795
3754662
3274784
3308655
3500387
3500393
3489473
3754685
3739059
3524347
3587945
3715030
3730667
3729670
3465478
3489450
3921396
3729687
3587922
3729693
3211128
3813548
3490418
3308603
3921373
3019454
3489438
3514923
2177702
3921367
3465432
4934538
4910578
3656184
3211105
3921350
3489415
4910549
3514946
3921344
3500306
3465455
3921338
3382634
3416474
3117961
3514969
3500329
3921321
3739071
3921315
3500341
3911989
3739094
3764034
3465403
3500358
4934490
3886553
3646889
3201839
3166988
3656221
3646872
3357599
3959921
3646866
3656238
3225716
3357576
3959944
3646843
3597234
3597240
3705617
3646837
3416563
3514900
3656273
3705600
3514917
3093315
3705669
3729635
3959973
3392093
3729641
3597205
3235100
3730644
3548247
3715018
3705646
3729658
3235117
3754604
3597228
3729664
3729606
3994314
3705698
3730609
3308572
3729629
3970348
3191992
3646895
3739160
4179906
3514886
4910609
3538852
3500252
3740140
3739154
3754780
3465389
4155917
3538869
3740163
3739177
3489355
3500281
3754751
3739125
3010973
3259299
3740111
3813407
3715165
3970288
3754745
3739119
3465372
3548201
3010996
3740134
3739131
3715188
3754768
3465366
3480986
3740128
3646926
3921249
3656296
4919013
3788164
3681242
3813442
3764181
4910667
3921226
3646903
3764198
3480940
3813465
3201880
3597197
3367089
3921203
3740186
3480911
3367066
4910638
3225917
3656333
3382568
3367043
3573185
3367037
3656356
3357694
3382597
2800207
3729701
3416468
3343031
3597116
3646949
3656391
3960835
3646932
3318085
3563778
3960858
3274809
3573104
3730756
3274815
5825076
3754739
2236586
3959884
3730762
3009964
3548129
3587715
3010967
3729782
3959890
3308690
3490370
3548164
3490387
3656327
3333624
4179987
3984853
3573110
3778409
3034867
3984787
3778415
3475063
3969138
4910704
3475092
3921172
3827941
3010855
3308833
3499000
3490683
3548595
3333802
3382806
3729440
3058804
3103545
3034844
3284363
3490660
4165637
3103539
3548572
3969196
3970182
3837307
3827987
3490631
3465679
4919148
3852927
3827970
4993067
3490619
3465633
3392213
5825432
3392207
4993096
3392236
3852956
3622676
3646642
3671611
3402130
3622682
3911831
3862328
3671634
3886346
3656014
3671657
3622647
4993044
3249929
4199056
3500507
3778384
3876980
3068145
3441733
3249970
4165695
3705416
4175044
3597441
3729405
3729411
4165672
3646694
3729428
3646688
3959789
3298939
3298945
3886352
4944092
3632048
3886369
3646671
3622699
3646665
3298916
3705445
3705439
4175021
3490594
3284452
3729598
3960686
3524442
3754573
3984646
2177671
3705592
3729552
3333914
3886197
3729575
3490542
3729581
3827817
3827869
3656066
3852815
3671686
3656072
3382746
3622707
4934863
4993185
3308922
3465567
3441549
3465515
3754596
3524413
3441555
3827881
3681070
3524436
3441578
3367296
3607168
3646760
3876879
3646754
4944169
3671723
3441644
3632108
3068033
3671775
3343284
4919160
3392182
3671798
3392199
3597381
3671781
4165583
3009711
3010708
3563991
3010714
3009728
3862280
4165554
3009734
3705511
3597346
3632166
3945037
3357820
3357814
3333860
3788454
3284570
3509187
3607613
3573736
3788448
3837951
3813962
3788431
3103746
3886903
4910957
3979183
3573713
3813985
3862943
3573788
3764442
3837980
3764459
3490890
5697690
3739496
3475287
3823334
3499230
3862908
3862989
3489881
3886955
3152727
3500766
2163545
3823392
4944324
3862972
3489898
3058655
3152704
3490861
3886984
3847323
3490855
3632611
3524749
3058632
3847375
3945847
3862995
3548738
5815416
3617089
3490909
3872396
3465946
4968276
3921870
3945741
4190026
4165040
3617066
3489906
3666030
3583077
3931124
3617072
3500714
4944258
3465917
3367362
3441940
3058595
3632686
3945770
3970727
3500737
3465900
3426372
3872367
3872373
4190003
3617020
3666076
3617037
3921812
3969753
3058589
3739444
3583025
3764407
5815391
3318381
3573699
3715490
3740453
3259543
3656646
3980140
3715432
3979154
3416971
3343321
3980157
3715455
3284506
3343309
3343516
3475198
3010536
3573624
4919415
3343522
4919421
3548678
3534038
3979059
3548649
3573601
5658112
4919409
3034519
3499129
3113213
3740594
3739591
3382924
3823239
3010507
3656712
3764548
3475169
5610186
3573630
3534067
3113207
3656729
3847234
3691051
3617103
3500660
3607783
3691074
4919473
3906066
3475123
3691068
3058543
3500683
4944413
3548626
3058514
4919450
3441785
3906043
3548632
2163611
3823280
3152874
3489705
4919438
3137231
3607754
3715515
3681779
4993363
3896238
3739504
3465857
3681791
3691105
3847286
3691134
3886872
3617161
4993392
3945669
3872249
3632798
3617149
3921700
3260612
3617155
3426231
3260606
3715596
3970650
3260635
5815273
3260664
3739579
3764519
3656764
3260687
3284653
3260670
4968359
3656793
3416847
3740536
3980016
3739289
3304031
3294143
3739272
4155805
3788201
3778898
3813755
3597978
3740298
3597984
3813778
3715277
3823104
3583344
2222242
2163344
4155863
3739237
2163338
3558398
3778823
2222265
2163367
3392615
2222259
3740246
3558375
3010499
3823156
3162312
3921597
4944560
3534311
3475494
3607429
5683268
3162329
3162335
3921574
3597903
3377053
3862788
3823185
3392696
3823191
3558317
3548997
3510374
3534357
3921545
4920559
3847122
3886702
3921539
3534340
3010482
3847197
3377099
3945505
3729807
3058371
3632462
3656474
3896149
3862794
3058388
3872189
3681420
3632456
3083311
3656497
4944494
3969500
3186301
3632433
3945540
3548916
3715231
3343597
3739208
3729871
3730874
3715248
4179881
3269116
3739220
3343574
3715254
3740217
3558286
3969569
4190210
3739214
3754840
3558292
3740200
3896161
3597872
3269151
3729842
3729859
3730845
3970590
3656445
4919651
3739390
2163491
3558234
3510291
4920625
3778987
4919639
3548891
3597866
3558211
3715395
3739361
4155739
2222124
3024900
3739355
3534280
3304108
3740370
3343700
3739378
3813666
2163479
4930055
3632522
3886607
3607576
3524844
4929046
3862601
2800035
3607547
4944672
3524873
3426395
3475318
3573819
3490944
3510256
3607530
4944643
3862647
3573802
4920677
3490938
3534222
3729919
5815422
3681532
3896008
3921516
5815439
3426455
3259833
3896020
3715308
3500832
3260842
4179792
3500849
3681578
3945422
3524809
3945439
3500861
3886665
3607599
3245222
3896089
3245251
3945451
3583137
3259885
3656505
4179763
3245245
3558197
3715372
3245274
3739349
3000911
3739332
3656528
3245268
3353012
3896043
3656534
3945497
3729954
3715320
3083268
3656557
3715343
3656563
3083239
3729983
3239523
4997272
3720427
3469861
3911156
3974754
4997289
4185002
3039095
4161007
3950794
3949791
3039089
3960108
3528701
3720456
3876276
3974783
3925767
3431290
3040017
3876282
3264544
4161042
3719418
3514107
3431278
4997295
3720404
3636572
3998737
3959157
3959186
3817931
3817925
4987859
4997208
3107709
3744497
4987888
3685518
3998766
3347371
3264550
3960189
3406205
3959192
3347388
3817948
3421819
3768405
3768411
3347365
3720479
3720485
3347336
4997214
3064064
3744445
3347313
4900249
3612637
3553691
4900255
3107750
3612643
3612614
3768397
3553685
4900232
2192498
3876307
3612620
3563057
3852347
4987813
3768374
3107796
3768345
3793308
3005601
3396435
3768351
3852318
2167460
3891991
3514001
3636661
2167483
3040000
3480259
3852353
3514030
3622021
4900284
3480236
3950736
3876313
4900290
3911191
4900261
3538036
3636626
3876336
3876342
4900278
4938861
3891962
3719559
3695014
3406174
2167626
3695008
3949667
3935033
3421794
3901695
3720568
3911015
3719588
3054580
3744528
4175506
2216916
3719513
3225047
3960002
3288622
4175529
3215617
3470723
3470717
3528635
3469737
3720522
2216945
3876187
3215600
3528629
3274011
3960054
4151500
3744586
3959051
3225099
3793515
3250039
3817807
3274028
3998648
3768546
3421707
3901620
4997303
3959080
3720580
3817859
3744540
3901608
3817842
3274063
3817871
3250097
3191199
3817865
3406122
3274040
4900367
3817894
4938973
3132854
3612755
4900373
2226352
3817888
4963959
4900344
3636709
3612732
3132819
4900350
3661736
4900338
3661742
3685719
4900309
2192564
3132877
3396317
3661759
4900315
3612703
3876230
2167589
3030527
3622162
3396323
3323407
2226300
3396352
4948351
3117286
3396346
3528575
3201070
2226323
4963907
3494764
3494735
4900396
3494741
3396381
3479434
5811625
3240762
3239776
3480443
3876098
3431479
3479457
3734843
3925543
3901577
3685346
3709839
3636371
3431462
3479440
4175877
2216804
3998513
5811677
3950564
3710831
3925514
3901560
3709897
3479411
3249154
3553917
3734814
3710854
3636336
3250163
4973461
4900522
3675939
3250157
3901525
4900539
3651979
3720278
4175848
3719298
3250186
4997415
3675951
3406435
3783824
3744244
3661311
3720290
3249183
3974576
4973478
4997421
4900516
4175860
3651991
3675945
3431456
4973490
3675968
3372618
3132908
3817753
3372624
3661357
3431427
3719269
3734895
3675980
2192297
3274092
4924451
3744190
4900485
3538295
2192268
4900491
2226234
4924445
3783793
2192274
3768144
4900462
2226263
3298046
3396636
4900479
3842716
2192251
3577875
3817782
2226286
3720195
3347520
4900456
3372699
4151931
4997409
3406518
3827125
3783741
3768109
4900433
3842751
3612471
4948492
3538208
2216856
3538237
3612459
3612465
3156984
3710819
3636419
3538220
3612436
2216885
3891703
3768196
3925572
3479316
3925448
3734955
3719329
3720315
3249237
3685470
3479322
3720338
3709957
4161183
3494913
3029352
3950452
3612494
3974406
3636454
3768322
4900640
3974464
4924617
4900657
3469909
3768339
3288875
3563198
4900628
4997533
3744379
3274241
3431338
3719358
3817612
3431321
3117429
3734990
3744304
3298253
3720373
3719387
3974493
3817629
3768285
2216796
4973509
4924563
3563146
3612525
3768262
4900580
3768279
4924540
4900597
3538183
4948500
3842662
3563175
4900568
3396530
2192340
4900574
3372570
3563181
3396524
4973538
3563152
4900545
3396553
3347626
4900551
2192334
2216715
3553739
3030303
3323614
3553745
3842691
3029300
2192305
3710914
2216738
3827042
3553716
3612577
3553722
3480383
3479351
3612554
2167307
3612560
3636514
3538125
3827088
3612531
4924592
3901494
3479374
4185172
3479368
5595587
3612548
3441064
4190813
3489013
3029292
2192920
4190836
3480650
3441093
3695385
3729262
3705238
3984534
3768836
3288970
3827705
3984586
3480638
4189804
3729204
3744824
3441041
4189810
3465018
3480615
3191472
4189827
3730213
3705273
3793886
3778243
4900769
3852703
3827757
4900775
4924729
3288993
3479612
4924712
3671350
3827734
4900752
3793840
3827786
3827792
3372848
3793834
3431686
3730271
3729285
3852732
3730288
4900700
3671396
3054261
3862104
3347796
3406731
3852784
4924681
3587448
3347773
4924675
4948629
4924669
4900686
4924652
3347750
3396895
3778160
3935501
4199286
3862133
3347767
4997645
3396889
3308170
3347738
4900663
3347744
4924623
3142545
3671427
3489088
3563413
3720829
3959507
3347721
3308106
3719849
3239948
3489065
3622498
4151285
3719861
3720858
3489042
3622475
3960522
3587419
3959536
3563465
2167891
3705215
3044802
3705209
3720806
3622452
4910064
4973604
3240986
3563442
3862191
3720812
3730348
4900806
4900812
3959482
3793900
3960462
3431580
3719996
3960491
3959499
3201466
3984451
3705391
3695416
3827622
3778361
4900887
3406576
4900893
3406582
3695439
4900864
3793975
3695422
4900870
3587394
3671462
3827616
3298431
3372713
3793969
3852620
3813011
3793952
3852614
3813005
3372736
3695474
3852608
4900829
3333297
3103019
3813028
3813057
3333280
3622564
4973739
3333251
3396754
3671516
3357228
3357211
3152012
4175191
3333239
3671539
3778295
3837075
3876603
3382143
4900781
3347856
3778266
3333216
3622506
3837052
4973797
3333222
3935406
3935412
3553975
4189796
3719950
3347833
4175156
3538326
3744907
4175162
3553952
3719973
3347810
3577929
4175179
3935441
3347827
3553969
4151150
4175185
3719915
3577987
3538378
3347804
3719921
4189767
3479581
4189773
3960433
3553998
3959447
3622570
3719938
3705327
3959430
3935487
3719944
4151196
4973716
3959341
3960338
5703396
3514768
3719677
2167744
4900924
3500128
3720663
3719683
3695126
3974990
3959335
3998950
4900930
4175446
3974961
3514780
4900901
3720692
4151428
3249585
3959358
3730012
3974978
3500157
3729026
4175469
3563732
3646168
3019661
3959370
3960367
3719648
2202647
3298537
3489214
3720634
3538763
3911340
3622179
3719654
3705043
3925980
4175417
3719660
3176099
3646139
3622185
3705037
3768687
3661765
3730064
5811223
3729078
3661771
3768693
3730070
3705095
3984362
3661788
4900982
3730087
3480816
3661794
3514716
3201526
3730093
4900999
3671137
3514739
3730035
3925916
4900976
3671120
3744669
3729049
3597091
3730041
3729055
3441207
3695103
3730058
4900953
3729061
3441213
3661802
3827585
3876514
3357369
3573067
3827591
3793596
3852531
3827562
3406955
3548081
3661825
3661819
3876537
3597056
3597062
3587678
3661848
3347997
3612838
4910242
3333357
3793550
3573096
3661854
3166712
3612844
3852577
3852560
3950908
3357300
3333340
3949928
3793538
3852554
3347951
3646240
3974903
3347968
3323979
3719602
2192676
3949940
3490298
3548000
3720605
3998909
3636885
3974949
3490281
4934283
3587655
2226671
4175481
3974955
3876566
3548046
3974926
3612896
3587632
3959312
3720781
3719795
3959223
3044541
3695250
3949897
3308514
3730118
3998832
3671284
3720798
3960232
3538639
3998803
3730124
3489102
4151322
3044558
3514679
3768718
3274643
3538622
3489119
3911245
3705190
3524011
3998861
4151380
3646286
3514685
3720746
3235086
3959252
4151374
3117820
3719772
3925862
3705161
3720769
3500068
3093545
4151368
3959275
3974895
4151351
3720775
3705155
3479718
3754159
3455741
3729196
3960290
3959298
3455758
3479701
3778131
3259081
3612927
3768782
3793745
3298684
3793739
3479724
3754165
3754113
3793716
3671249
3431798
3754136
3729173
3396955
3768747
3695221
3901821
3431806
3382338
3587572
3382344
5850677
3622305
3431858
3793685
3778042
3852465
4934337
5619537
3852459
3166830
3431835
3793662
3754099
3754082
3671309
3019508
3720700
3852494
3563548
3719720
3720723
3852471
3308483
3719743
2192771
3333423
4189997
3563577
3974820
3646323
3489177
3646317
3563583
3876448
3959200
3949874
4973969
3974808
3876460
3563560
4973952
5003138
3881662
3651324
4988310
3881679
3690910
3700809
4964350
3651330
3690904
3665987
4940355
3651347
3690933
3939522
3220937
4939352
3651353
3690927
3337154
3421015
4940332
3699302
3866065
3675336
3690956
3881633
3939545
3626326
3866059
3411689
4195259
3690985
3783184
4939323
3690979
3881656
3964508
3641923
3337148
3327782
3327776
3665906
3567440
3939597
4195207
3866071
3352722
3724827
3230350
3352716
3964566
3230373
3293907
3626378
3651301
3891057
3709242
3171481
3665958
3327753
5641614
3651318
3313113
3773754
3797720
3327701
4161935
3988466
3469068
3709182
3832706
3797714
3773731
3797708
3278204
3773748
3038552
3278256
3856701
3773719
3567428
3038500
3773725
3445085
2699547
3817115
3567405
3832729
3773702
3038517
3602426
3675371
3421050
4988273
3421044
3797795
3881716
3690991
3626409
3460653
3421038
3484607
3675394
4988296
3832764
3797772
3219963
3421021
3278285
3797766
3699383
3460618
4929945
3783126
4930931
3842136
3797743
3362057
3783103
4930919
3797737
4195153
3626473
3675402
4940467
4939470
3856552
4195118
3940407
3411577
3881515
3087467
3411560
3651494
4940438
4195130
3352892
3783296
3230433
3567345
3939462
3582959
4964404
3710363
3567322
3773903
3939485
3567316
3592337
3254445
3230479
3988437
3881596
3651413
3254468
3327888
3567351
2171680
3518329
5533913
3797832
2205433
3293965
3533984
3734286
3758252
5533936
2171697
3303876
3484582
3484553
3460570
3582913
3832600
3303830
4939429
3459549
4940415
3602544
3699466
3915473
3699472
3459555
5592264
3602567
3107023
3205441
3171601
3107017
3783250
3881610
3122689
3856658
3797878
3842018
3915421
3533949
3602521
3783221
3856635
2205410
3602515
3459532
3758281
3626119
3905954
3602142
3856463
3665734
3626125
3905960
3386371
3205501
3616776
3362376
3665740
3411873
3881455
3626102
3132021
3087355
3978901
3954935
3856492
4939576
3171618
3797588
3675112
3954958
3939321
4171460
4195443
5651239
3567693
3352981
3337332
3954993
3567687
3626177
3577007
3553030
3700620
4171431
3352969
3988319
3881478
3641780
3964359
3577042
3665705
4195408
3553076
3313366
3352917
3641768
3181031
3881490
3494273
3278457
3518683
3313308
3699199
3567612
3724595
3543669
3773501
3303994
3592610
3313314
3469275
4171543
3553018
3567664
4171537
3553024
3988271
2161954
3470284
4171514
3724566
3543681
3470278
3421297
2161919
3675135
3690755
3616842
3675129
4939530
3063320
3773576
3518625
3651181
3675158
3421274
3690778
3675141
3651198
3773582
3484866
3773553
3132133
4939501
3690790
3063314
3543623
3484843
3675193
3518660
3386477
3460877
3543600
3484820
3881308
3905836
4974035
4950069
3651206
3386253
3856339
4974029
3195725
3171794
4974058
3665875
3856316
4974041
3690844
4901094
3856380
3230628
3690838
3700726
4925054
4974064
3675201
3651258
3690867
4998024
3832391
3690850
3651270
3871971
2205143
3724750
3230692
3939232
3592567
4195348
3362407
4950017
4950023
3709124
4949089
4950046
4195302
4950052
3797602
3940169
3469192
3964135
3773642
3710073
3939189
3028884
3940181
3028878
3964170
2220869
3773607
3543586
2219872
2219889
3484783
3724690
3215043
3004889
3641917
4901059
3651287
3063219
3616954
3797677
3690873
3651293
4901065
3783037
4925019
3699236
3675247
3616931
3773694
4901036
3797660
3484731
3690896
3484748
3773671
3734062
3915208
3773688
3445116
3386342
3699242
3773659
3905859
3773665
2219814
3386359
3484702
3940962
3939976
3988905
3156257
3675773
4950187
4988793
3709621
4950193
3636158
3964922
3940979
4998136
3940985
3710647
3940991
5822540
3974300
3636129
3964968
4949132
3543907
3421481
3915958
3362577
4940792
3988934
3229795
3362560
4998159
3445412
3915935
3719039
3974346
3720025
4950106
3577266
3720031
3239138
3974352
3709696
3734671
4950112
3915912
3974323
3720048
3719068
3758648
3950386
3577237
4950141
3181261
3675738
3278782
3577295
3734636
3636193
3974398
3675721
4974101
4988741
4950158
3636187
3278753
3817517
3675750
4988770
3577289
3720002
4950170
3651790
3675744
4974124
3720019
4915736
3602828
3567865
3240087
3240070
3592840
3998252
4964717
3494480
3651809
2171993
3107313
3734599
3494451
3567888
3567871
3494468
3651838
3038144
3063107
2171964
4949103
3543818
4998099
3602892
3626881
4939777
3925394
4925120
3939918
4940740
4939748
3939930
3602863
4925108
2171912
3372044
3396004
3567813
4940711
3602886
4901119
3229708
3205777
4939719
3230700
3901382
3229714
3087036
3915881
3925201
3710742
3205866
3612293
3710765
3636253
3421305
3205843
3459905
3915846
4199949
3612287
3636230
3421357
3709762
3612258
3964862
3435974
3950222
3710736
3636218
3915800
4988830
3254882
3323063
4950230
3254876
3651850
3783712
4988853
3949271
4950247
3337697
3553165
3720172
3719192
3675827
4175908
3734748
3998223
3720114
4175920
3181373
3974240
3362608
3675879
4199903
3636299
3974257
4988882
4950299
3528138
3974180
3602946
3744072
3817411
3744066
3768055
4939814
2215236
3504178
3553107
3278799
3817434
4964829
3720060
3602900
3004613
3651927
3528167
3553113
3720083
3719097
3386508
4988818
3998163
3675916
4915802
3386514
3925299
3783617
4925261
4940898
3685292
3817492
3685286
3470338
3866415
4939895
3543706
3445398
3504103
4925249
3626970
3077606
4939872
3768084
4940852
3901270
4939866
3768090
3460972
3484961
3612324
3768061
3469335
4939843
4939837
2215213
3421699
3077598
3181462
3915757
3254913
3675520
3651577
3396168
3939752
3421676
3254942
3940749
3240302
3406033
3939769
3254936
3842277
3675543
3939775
3675572
3406091
3915728
3939781
3626562
3939798
4195012
3254988
3675595
3709408
3205932
3254971
4925396
3881892
3699532
3602596
3949130
3362784
3421601
3964767
5641436
4950359
2230690
3362778
3949153
3362761
3734458
3758401
3445613
5641413
3974145
2181170
4950388
2240085
2240079
3323152
3651554
3709472
4939949
3950096
3998022
2215101
3783327
4939932
4939926
3602604
3386827
3974056
4939903
3748992
3842308
3710392
3758306
3998074
4950313
3132529
3832959
3288272
3758335
5641324
3974091
3817345
3528411
3132570
3856977
4925373
3602656
3372251
3626616
4925367
3783385
3602679
2171734
3053534
3998097
3602627
3215356
4940970
3470663
4939984
3797996
4940964
3925112
3229938
3028536
4939978
4940958
4925321
4195093
3470686
4939961
3939717
3528463
4940941
3602633
3215327
4939955
3842188
3181580
3891117
3181568
3239411
3939634
3470522
3626697
3856799
3240408
3842159
3612034
3866183
3240443
3939663
3396085
3445518
3612011
3626651
3421593
3939686
3421587
4949474
3612028
3758513
3950015
3264455
3651608
3964649
4161533
3710593
4950477
3651614
3651620
3950038
3264432
3553395
3264449
3288450
3651643
3974027
3964690
3675603
3612092
3949093
3362844
3421506
3264484
3651672
3949087
3553337
3567983
3553343
3347201
3288384
3783439
3553314
3602722
3758499
3337852
3553320
3288361
4950419
3783416
2171881
3758430
4950425
3856813
3553389
5641471
3832830
3758453
3337817
3651703
3832899
3567902
3386773
3626734
3817279
2205605
3386796
3901063
3626711
3866220
3567948
2230603
2171817
3567925
3470551
3626705
3783451
3856871
3567919
4929106
3572895
3533286
3631712
3024828
3822464
3572889
4919786
3024834
3572872
3655718
3655724
3112254
3655747
3391544
3641113
3616150
3024892
3523885
3391567
3616167
3010269
3474371
3616138
3391573
4930150
4944790
3010275
3010281
3616144
3523891
4929158
3508271
3714616
3616115
3508288
3616121
3508294
3968920
3557223
3533263
3895411
3968943
3547880
3954303
3010246
3488982
3616109
4156590
3930248
3641188
3474419
5817504
2209922
3258615
3641159
3508207
4930090
3616196
3920994
3185224
3714504
2210948
3547822
3689166
3895492
3616173
3244027
2209968
3220067
3895486
3220073
3919962
3680716
3425409
3763566
4978010
3680739
3680745
3679759
3342480
3679742
3763543
3058193
3342468
3679771
3680768
3846507
3714591
3268068
3679765
3244079
3680751
3317499
4978056
3425438
4156532
3680774
3665154
3425421
3533168
3366635
3655807
3596743
3631830
3616204
4930204
3836986
4929201
3268192
3547791
4968856
2219174
3293149
3773062
4920849
5651943
3748064
3293190
3763690
3836992
3861949
3748087
2185481
3680811
3822369
3596737
3616279
3714705
3547733
3317648
3151981
3641219
3474282
3929185
3631899
5758606
4930279
3641202
3861984
3547727
3523773
2185446
3488870
3175929
3797074
3616210
3508182
2219122
3616227
3474230
3797051
3689249
3714674
3929239
3219213
3954119
3690258
3919896
3488947
3968742
3689261
3993734
3714622
3009071
3199976
3268105
3689284
3954154
3714645
3993728
4156489
3905227
3954148
3220185
3895368
3954177
3680840
3724069
3748029
3665214
3680834
3366581
3724075
3700086
3748058
3680863
3665220
3665237
3680857
3557080
4919800
3680886
3763632
3689203
3690229
3665266
3268157
3822406
3763626
3861814
3787360
3391722
4993920
4930322
3885803
3376102
3293267
3391739
2219056
3738396
2219062
3787325
3763359
3861843
3376131
3787319
3777976
2219085
4993937
3861820
2220071
3327115
3763342
3822292
3606594
3533435
4166097
3533464
3606571
3219294
3631534
3498584
3606588
3885890
3185431
3885826
2209661
3533487
3929044
3606565
3885849
3234974
3787383
4968939
5000306
3787377
3704977
3679570
3459029
3944641
3097520
3220239
3728943
3895262
3920787
3679564
3919790
3283808
3704960
3753929
4166134
3474684
3679593
3714326
3728966
3895285
3459058
3680573
3024573
3268217
3895233
3728914
3919755
3498609
3920741
3680596
2209715
3631586
3450672
3459006
3450689
3508472
3352082
3268200
2209738
3777953
3714384
3753987
3763313
3268269
3968682
4920909
3919703
3401662
4919912
4156733
3401679
3753993
3954094
3738315
3714349
4156791
3680521
3753935
3411040
3352024
3728995
3714361
3268275
3680544
3391805
2689589
3812974
3268281
3342698
3680538
4930457
3582327
3582310
3293391
3836710
3391633
2185251
3763477
3763483
3861725
3376013
3763454
3763460
3787414
3112596
3616032
3861777
3885743
3498472
2185216
3631675
3317861
2175873
3616049
3861760
3523997
3391679
3508383
3861754
3846128
3616026
2210523
3861748
3024567
3846111
3822168
3885772
3631646
2175838
3616003
3000549
3631623
2210552
3498414
3846163
3000555
3861783
3714421
3024490
3679699
3219472
3680685
3680679
3048450
3268306
3523916
3895173
3919666
2175821
3665065
3689031
3968506
3714450
3523939
3680691
3689025
3665071
3616078
3450531
3885789
3547934
5514117
3641030
3665088
3895115
3616084
4181636
3616090
4181642
3523951
3905003
3533300
3968558
3616055
3690063
3714409
4166051
3474514
3919614
4181659
3616061
3523974
3680604
3968570
3763431
3679618
3787408
3738462
3268387
3679601
3763448
3738491
3763419
3268358
2689431
4181613
3268364
3680610
4993989
3763425
3993579
3738433
3714467
3679647
3680633
3327173
3680662
3665036
3714496
3641082
4156644
3391946
4930575
3352343
3856210
3797393
3665504
3112662
3616546
3401834
3112679
3797370
3376361
3303385
3352308
3689516
3773375
3954705
3930751
3220506
3773381
3930768
3161695
2205031
3930774
3000466
3939114
3641573
2205048
3303362
4156058
4171678
2205060
3317944
3641550
3484151
3459182
3460179
3484168
3881248
3978723
3000437
3460191
3484145
3939054
3484234
3724359
3508650
3954680
5748967
2161753
3195085
3748331
3915177
3195079
3724371
3484228
3450896
2219748
3724307
3533642
3171050
3915160
3738953
3846909
3474856
3533636
2205114
3714993
4156147
2219754
3533665
3915148
3459242
2244717
3474879
3807306
3268447
2219777
3807335
3474827
3915125
3822978
3964098
3665579
3450867
3929759
3807358
3689545
3773317
3293497
3048384
3376409
3724388
3689574
3450809
3773323
3807364
3724394
3748377
3508621
3929707
3293474
3773300
3690577
3763980
3616670
3352478
3665616
3871758
3376214
3582557
3665622
3797499
3582540
3797482
4930658
3856138
3797476
3665651
3425711
3582592
3797453
3582586
4171589
3700531
4171572
3303451
3930656
3557513
4171566
4939091
3484056
3724520
3856167
3939019
3484033
3230002
3474690
3460050
3459070
3582511
3557559
4940036
3303445
3557565
3582505
4171595
3881136
3460073
3484027
3675081
3773406
4171603
3205056
3533501
3724483
3411181
3474796
3533524
3474744
3450778
3293534
2220622
4171655
3881194
3748414
3533547
3293505
3000271
4156012
3626094
4171632
3748408
3460110
3724454
3797447
3807217
3665680
3773470
3690637
3773487
3807200
3048295
3773458
3797424
3474721
3651063
3822837
2161807
3474715
3773464
3435135
3675023
3905664
3690689
3832215
3773435
3807252
3748472
3651086
3048266
3807246
3773441
3651092
3675046
3136846
3773412
3748495
3087852
3748489
3773429
3352366
3592260
3773197
3807080
3895612
4940102
3797128
3748199
3680917
3327581
4929767
3352538
3773145
3592254
3881030
2219435
3582830
4156294
3954510
3220771
3230108
3303592
3930550
3616380
3714852
4939197
3641314
3230114
3930567
3268737
3631994
3616368
3097170
3631988
3895629
3268743
3097187
3881018
3327517
4940148
3724106
3930484
3738752
3714786
4171974
3714792
3954444
3533837
3724112
4156331
3929570
3230077
3195263
3112917
3714740
3533872
3822702
3714757
3459489
3641372
3533895
3293617
3881099
3929535
3219756
3293698
3846708
3205116
4930730
4964077
5817349
3293669
3112946
3807105
4929715
5817355
3680975
3073117
3748101
3738781
3219704
3073100
3689321
3376668
3748124
3352484
3616434
3425935
3337071
3616440
3220802
3616411
3450910
3822553
2220390
4915280
4940214
3425970
3327693
4939211
3797217
3773263
3327664
4156199
3244843
2209997
3484292
3327687
3895575
4978814
3641432
3327629
5651788
3268855
2220349
4978837
3616486
3268861
3567138
3484286
2220332
3268832
3714929
3171363
3616463
3195317
4940266
3244895
3484263
3895523
3533725
3724224
3000064
3724230
3748213
3930389
3968995
3905492
3254132
3230189
3930395
3954349
3748207
3484346
3459348
3738835
3714869
3895598
3484317
3533754
3484323
3738829
3714881
3498934
3641490
3533777
3738841
3714898
3773234
3797200
3748271
3278173
4915216
3450985
3748265
4929856
3665450
3773240
3689433
3748294
3689427
3773228
3665473
3822607
3748236
3689456
3450933
3763879
3376527
3763885
3533702
3763856
3724282
3474916
3748242
3807022
3763862
3689462
3944084
3513674
3968050
3826812
3767995
3322922
3537634
3753332
3728392
3513680
3767972
3983687
3968096
3826858
3743983
3920072
3920066
3547029
3728357
3322916
3753326
3812218
3562632
3920043
3670480
2201903
3464102
4911879
3826870
4994144
3429790
3464125
3464119
3910688
3513639
3909685
3919005
3812276
3537628
3792970
3910659
3934714
3836294
3200509
3670528
3621599
3645542
3670511
3899863
3910748
3669548
3718933
3454842
3670534
3415256
3067068
3910719
3043085
3958637
4911796
3934677
4970161
4994115
3322891
5621132
3718991
3346874
3983629
3728311
3346845
2249985
3743960
3983606
4191706
3743902
3968015
2176364
3346839
3429809
3190633
3802912
3322879
3718962
3645571
3743919
3190656
3802935
2176571
3826700
2201872
5645291
3057615
3297578
3562537
3728475
3983598
3826723
3478624
3430681
3478618
3430675
3454664
3694552
3440024
3812112
3875710
3910576
3694581
3777491
3909573
3297584
3909567
3454629
3082607
3395832
3909544
3777456
3478601
3430698
2225803
3836124
3606074
3899751
3812193
3356387
3430706
4945246
3934507
3694612
4921286
3899768
3332381
3655049
3899716
3606045
3934536
3606016
3680024
3429755
3332369
3875762
3694658
3958502
3332375
3899722
4191698
3562448
4152037
3934571
3958525
3307377
3332352
3631095
3728446
4176032
3631072
3307348
3899780
3488083
3983546
3704486
3307360
3488060
3405714
3307354
3645683
4152043
4970209
3792711
3057503
3234075
3537870
4191913
3728162
3704150
3234098
3753119
4191936
3488350
3283056
3488367
3802639
3910493
3645298
3488338
3728127
3910487
3283033
3102209
3767707
3488344
3909484
3910470
4921458
3537806
3753183
3670244
3909490
3910464
3909478
3909461
4994380
3910458
3102250
3812017
3910441
3694210
3670250
3200679
3454977
3910435
3102267
3454983
3611916
2201719
3910429
3537864
3057526
3102296
2201725
3537858
3224705
3753154
3909521
3635992
3439423
3875667
3910518
3875673
3645306
4994339
3439446
3670304
3439452
4970362
3189819
3753094
3611997
4994345
3875644
3332493
4994351
3248640
3958413
3547176
3743701
3356430
3356424
3234017
3645370
3356418
3743724
3645364
3596134
3297615
3190886
2211184
3234046
3273649
3273655
3645335
3621369
4970333
3718726
3802705
3572151
5659933
3234069
3899685
2176140
3537769
3562721
3997979
4166832
2191978
3792817
3537752
3728280
3753243
3488255
3792800
3523164
3141913
4166878
3802510
3983380
3537798
3283174
2201671
3523158
3983351
2201688
3523170
3586704
3547124
4969502
3439268
3464220
3802556
3910346
3802585
3513734
4921553
3141942
3910323
3439297
3753266
3513757
4921530
4921547
3381445
3670391
4921518
3851514
2201607
3439251
3777226
3381468
4921524
3900974
2201613
3141971
3430965
3199309
3454931
3224711
3669413
4969488
3851566
3454954
3381497
3224734
3356594
3670445
3454902
3621435
3694428
3430988
3356571
3200805
3934312
3621412
3777189
3234112
3224792
3547058
3586650
3248769
4191882
2211037
3934335
3586644
4191876
3586638
3248781
3934358
3586621
3718821
3973973
3934370
4994411
2211072
3234164
3586673
3199367
2176269
3645447
3547087
4176233
2211095
3763158
3332754
3763135
3763141
3777752
3572458
3763112
3836650
3307733
3763129
4156934
3669910
3777746
3846022
2211712
3307727
3057325
3787176
3057331
3919488
3224912
3920474
3057302
3704807
4945619
3057319
2211770
3763187
2176826
3704730
3871066
3425007
3655374
3200975
3728713
3846080
3082240
3342089
3175473
3200969
3680343
3631379
3728736
3694977
3057294
3391188
4994552
3680337
3895049
3919525
3968417
3645996
3704776
3596393
3072879
4921599
3072885
3871043
4994598
3968423
3777717
3356677
3669933
3670907
4969525
3777723
4969531
3356654
3714177
3777700
3670959
3728742
3669962
3669979
3283211
3714119
3655339
3669985
3082286
4994500
3415635
3670971
4945708
3547331
2211669
3317223
3537999
3547348
3562939
3547325
2695408
3464496
3763247
3738290
3547354
2221053
2221047
3836578
4931149
3102586
2176967
3680395
3920379
4931126
3488427
3464473
3836561
3381675
3381669
3464421
3562916
3704925
3439481
4945720
3763299
3919330
3439498
3464438
4980030
3082139
4994687
4979038
4994693
3983902
3728831
3714208
4994664
3631497
4994670
3464510
3680484
3057147
3958962
3680478
3606499
3958991
3968311
3057124
3704865
4994606
3596223
3714272
4994612
3655428
3983954
3714295
3714220
4994641
3680403
3317140
3728860
4994658
3968363
3317134
3655463
3714243
4994629
3679423
4156880
4994635
3317157
4945826
3572659
3777551
3317341
3508093
3993266
3008114
3356938
2162072
3993243
3008120
3381936
3777522
3474170
3728593
2211592
3317329
3596602
3332926
3332932
3533091
3317312
3175616
3474141
3498118
3391308
3861406
3474135
3606128
3057118
5816924
4931244
3621725
3885401
4945884
3885418
3508035
3488781
4945878
4931221
3547650
3621702
3679096
3008137
3008143
3474129
3910895
3136036
3777574
2211534
4921889
3919212
4945832
3920209
3488746
3958904
3209551
3655121
3450212
4979162
3861493
3464869
3909998
3885476
3645789
3655138
3425243
3670758
3425237
3934861
3655144
3464881
3366291
3910961
3606186
4931190
3655150
3655167
3621783
3440857
3523603
3072661
4931178
3606163
3655173
3885430
3440863
3057035
3704523
3909946
3885447
3621760
3910932
3450206
3621777
3958867
3704500
3983859
3968216
3366227
3944256
3317298
3728558
3185098
3968239
3356890
3342244
3983836
3439848
4994701
3704552
3728570
3704546
3968222
4979127
3968251
3596542
3317252
3356861
3968245
3439802
3082033
3655115
3439819
3317275
3596571
4921978
5670024
3342439
3777686
3317453
3777657
3968191
3983799
3777663
2176772
3738031
3777634
4970959
3151716
3317418
3763000
3777640
2162126
3317447
3714088
3777611
3777628
3714094
3919181
4969985
3317430
3047657
3919169
3899917
3450063
3523514
3488686
3763098
3008083
3645803
3763075
3391248
3920103
3621808
3777692
3787029
3899998
3234520
3899981
3450100
3185135
3910866
3631250
3934743
3210643
3234537
3161198
3234543
3909857
3096584
3670899
3488700
3910820
3899946
3861398
3899975
3440751
3425154
3909811
3910808
3342385
3670801
3572493
3777605
3983747
3670818
3714042
3342362
3983718
3728682
3258584
3342379
5635660
3728699
3885387
3356996
3596424
3670847
3714007
3356973
4979251
3728653
3669873
3670853
3694807
3944196
2181804
3659283
3924472
3179382
3708768
3253859
3077339
3077322
3635265
3611282
3649899
3611299
3733720
3708780
3468519
3238274
3782753
3973499
3698811
4152936
3419521
3650885
4176931
3782730
3674868
3782718
3277877
3361678
4974561
3674851
3698805
5763257
3674880
3420553
4974584
3674874
3718169
3322075
3077374
3336686
4152959
3659277
3385704
3674897
3077368
3792036
3826019
2201180
3611307
3336663
3649907
3841645
5704935
3601993
3674905
3792007
3782687
3841622
3336657
3826054
3576373
3601935
3131441
3674928
3767044
3826060
3591935
3591941
3674911
3826031
3659308
3312674
3131429
3659314
3865628
3591958
3826048
3802094
3782641
3674934
3649994
5655384
3649988
2201116
3851046
2240725
3395140
3312639
3566914
3792094
3542948
2240719
3792088
5655378
3826083
3851023
3851098
2240748
3890626
3792071
3792065
3493552
3851081
3004346
3635302
3468577
3792059
3708716
3004352
3649936
2201168
3018992
3875006
3875012
2240754
3131493
3851069
3733855
3253948
3973306
3963986
3973335
3900342
3277972
3900359
3028252
4935087
3180468
2215609
3468407
3987969
3733849
3900336
3659320
4925700
3782871
3659337
3659343
3782859
3973364
3718264
3659366
3346147
3782836
3346153
3782807
3782813
3419426
3517904
3660381
4960091
3792154
3322135
2201062
3611425
3322129
3792148
3322158
3287261
4974615
3527297
3322141
3659403
3782799
4974638
3792102
2240694
3865522
5704852
3782782
3865516
3322112
3659426
3782776
3576232
3028223
3312734
4911098
3566819
3611483
2201010
3865545
3611460
3938965
3889505
3493428
4935012
3468459
3566848
3611477
4911069
3938988
3611448
3468488
3566825
3611454
3924360
3635070
3263409
3430155
3674673
3430149
3611098
3430132
3674696
3429146
3611069
3263450
3635029
3963897
3973200
3419774
3757548
3674609
3757531
3263496
3405134
3287427
3346288
3708596
3674621
3914812
3757554
3650661
3385905
3674644
3674638
3429123
3420783
3635093
3757525
3973275
3405140
3816423
3674667
3287479
3733565
3674650
3698604
3841415
3576574
3322247
3757494
3576568
4949729
3322218
3420843
4925746
3419857
3361804
3782428
3371369
3312881
3371375
3576597
3336841
3576580
3841421
3816498
3782405
3018779
3611141
3028105
3395364
3635118
3165026
3611158
3938824
2181508
3865433
3004151
4911193
3611129
2181514
3924288
3131694
3611135
3611106
3938847
3552579
3395393
3478133
4949770
4911158
3179643
4935118
3924118
3189067
3708656
3674791
3865284
3718011
3430014
3889296
3263510
3914769
3611187
3880898
3043659
3649793
3092675
3043642
3611193
3890218
3430066
3806904
3708679
3043665
3611170
4186438
3757666
3806927
3914717
3674727
3674710
3963791
4998863
3674733
3806962
3698739
3420671
3718034
3028097
3733660
3674756
3106779
3997117
3674785
3718057
3106762
3674779
3855937
3973097
3855920
3806991
4949853
2215472
3552467
3973074
3322394
3552473
3855908
3385868
3361951
3420725
4925864
4949824
3997092
3336982
3385880
3478096
2166070
4949801
4974897
3395223
3855943
2166064
4925835
3395246
3180770
3611276
3879990
3865321
3478050
3924182
4935288
3493687
3611247
3611253
3336901
3611224
3576410
3611230
3493670
4949899
3924147
3879961
3963704
3611201
3018644
3865344
4949876
3312941
3611218
3552800
3478340
3669086
3287611
2166644
3669092
3454380
3263651
3238699
3454397
3910292
2201524
3263622
3910286
3478357
3067507
2166609
3263680
2225513
3576806
3263697
3718560
3802421
3478328
3645051
2225536
3468991
3718577
3645045
2201576
3189156
3430327
3910234
3248083
3405370
5812323
3669011
3430304
3669028
3802467
3767587
3669034
3273081
3468904
3430356
3792504
3116217
3297041
3371524
3444950
3273075
3826491
3346466
3659722
4949971
3659739
3562141
3371576
3576781
3659751
4925999
4935319
4911336
3611744
4998969
3611750
4911342
4911313
4925953
3611738
3189222
3899478
3527794
2201599
3718519
3552740
3645134
3189239
3973803
3562129
3997815
4974911
3478386
3973855
2166590
3635779
3180853
3659716
3767630
5704361
3190283
3910180
3704049
3728044
3527765
3273129
3743629
3899260
3214776
3802303
3190277
3718689
2201441
3287752
3816937
3704061
3430209
3611827
3429212
3611833
4911543
3983150
3586070
3611804
3997790
3753088
3273141
3802332
3287798
3067499
3611810
3826338
3841970
3728073
3777002
3983196
3430221
3468809
3429235
3841958
3802378
3430215
3875302
3802390
3116341
3865953
3684826
3444909
3875331
3890951
3395418
3322572
3635839
3670209
3419969
3865999
3562069
3238707
3322589
3670215
3718620
3238713
2176045
3576605
3513059
3718643
3238736
3743606
2201487
3189363
3180965
3875348
3263728
3562017
3704003
3973714
3263705
4935472
3718614
3224148
3934045
3973660
3782902
3224295
3537427
3322715
2215928
2166437
3718376
3513467
3958028
3816802
3057940
3733944
3454581
3537433
3983026
3287864
3733950
3718330
3537456
3997695
3802208
3841817
3659455
3454546
4935615
3802220
4911632
3478529
3924615
3997672
3767340
3900655
3405594
3659484
3841852
3513409
4911626
3802237
3659490
2661585
3356051
3513415
3513421
3356045
3297265
3851218
3356039
3611543
3826261
3381126
3165428
3611520
3865829
3586348
3611537
3767274
3792237
3611508
3395795
3611514
3792214
3782894
4935526
3767268
3381184
3865864
3782888
2215986
3322655
3008976
3576976
2201352
3890891
3346609
3875294
2166383
3322661
3899248
3708975
3973619
3611595
2201398
3973625
3224243
3934022
3586319
3910091
3576999
3263823
3708952
3611566
3611572
3224266
3165486
3576982
3454492
2166532
3527966
4911709
3899099
3537309
3322833
3057845
2166555
3527989
3322827
3287953
3043228
3924555
3537315
3997548
3973588
3057839
3900595
3513378
3576918
3287999
3767475
3430445
3659573
3430439
3900520
4994026
4935727
3430416
3214954
3454440
3900537
3997560
3297348
3767469
3900508
3900514
3826108
4911715
3802131
3454405
3057897
3611661
3826137
3802160
3659604
3802154
3792384
3659610
3611678
3826114
3611649
3189529
3165552
3826120
3802177
3405513
3865700
3395654
3890715
3611655
3684602
3346785
3611626
4935667
4970020
3346791
3611632
3659662
3841792
3611603
3851112
3767386
3307199
3684619
3659679
3851106
2166495
3875153
3346756
3889793
3537232
3263935
3224326
3899136
3875176
3189593
3322738
3562247
3322721
2166443
2225223
3537278
3611684
3851193
3621004
2201286
3890767
3611690
